3.57	4858	-2.20081e+07	0	0	4857	-2.19984e+07
3.57	9838	-9.35373e+07	0	0	9837	-9.35177e+07
3.57	14697	-2.19746e+08	0	0	14696	-2.19717e+08
3.57	19642	-3.87905e+08	0	0	19642	-3.87905e+08
3.57	24610	-6.0609e+08	0	0	24609	-6.06041e+08
3.57	29505	-8.69371e+08	0	0	29504	-8.69312e+08
3.57	34462	-1.18481e+09	0	0	34461	-1.18474e+09
3.57	39406	-1.55697e+09	0	0	39405	-1.55689e+09
3.57	44320	-1.96677e+09	0	0	44319	-1.96668e+09
3.57	49265	-2.42791e+09	0	0	49264	-2.42781e+09
3.57	54166	-2.93321e+09	0	0	54165	-2.9331e+09
3.57	59081	-3.48819e+09	0	0	59080	-3.48807e+09
3.57	64049	-4.09824e+09	0	0	64048	-4.09811e+09
3.57	69034	-4.76858e+09	0	0	69032	-4.76831e+09
3.57	73964	-5.47192e+09	0	0	73963	-5.47178e+09
3.57	78899	-6.22467e+09	0	0	78897	-6.22436e+09
3.57	83856	-7.02981e+09	0	0	83855	-7.02964e+09
3.57	88761	-7.87487e+09	0	0	88759	-7.87452e+09
3.57	93694	-8.78187e+09	0	0	93692	-8.78149e+09
3.57	98643	-9.7321e+09	0	0	98641	-9.73171e+09
3.57	103658	-1.0745e+10	0	0	103657	-1.07448e+10
3.57	108592	-1.17906e+10	0	0	108591	-1.17904e+10
3.57	113545	-1.28892e+10	0	0	113543	-1.28887e+10
3.57	118494	-1.40445e+10	0	0	118493	-1.40442e+10
3.57	123468	-1.52463e+10	0	0	123467	-1.52461e+10
3.57	128418	-1.64915e+10	0	0	128416	-1.6491e+10
3.57	133367	-1.77855e+10	0	0	133366	-1.77852e+10
3.57	138345	-1.91364e+10	0	0	138343	-1.91358e+10
3.57	143312	-2.05423e+10	0	0	143311	-2.0542e+10
3.57	148251	-2.19807e+10	0	0	148250	-2.19804e+10
3.57	153199	-2.34706e+10	0	0	153197	-2.347e+10
3.57	158112	-2.49985e+10	0	0	158110	-2.49978e+10
3.57	163053	-2.65837e+10	1	0	163052	-2.65834e+10
3.57	168006	-2.82218e+10	1	0	168005	-2.82214e+10
3.57	172956	-2.99165e+10	1	0	172954	-2.99158e+10
3.57	177911	-3.16534e+10	1	0	177909	-3.16527e+10
3.57	182824	-3.34241e+10	1	0	182822	-3.34233e+10
3.57	187774	-3.52569e+10	1	0	187772	-3.52561e+10
3.57	192704	-3.7131e+10	1	0	192702	-3.71302e+10
3.57	197575	-3.9039e+10	1	0	197573	-3.90382e+10
3.57	202555	-4.103e+10	1	0	202553	-4.10292e+10
3.57	207516	-4.30627e+10	1	0	207514	-4.30619e+10
3.57	212517	-4.51616e+10	1	0	212515	-4.51608e+10
3.57	217483	-4.72954e+10	1	0	217481	-4.72945e+10
3.57	222416	-4.94724e+10	1	0	222414	-4.94715e+10
3.57	227365	-5.16967e+10	1	0	227363	-5.16958e+10
3.57	232340	-5.3982e+10	1	0	232338	-5.39811e+10
3.57	237251	-5.62866e+10	1	0	237249	-5.62856e+10
3.57	242166	-5.86413e+10	1	0	242164	-5.86403e+10
3.57	247098	-6.10613e+10	1	0	247096	-6.10603e+10
3.57	252021	-6.35168e+10	1	0	252019	-6.35158e+10
3.57	256971	-6.60347e+10	1	0	256969	-6.60336e+10
3.57	261963	-6.86235e+10	1	0	261961	-6.86225e+10
3.57	266896	-7.12308e+10	1	0	266894	-7.12297e+10
3.57	271846	-7.39045e+10	1	0	271844	-7.39034e+10
3.57	276812	-7.66275e+10	1	0	276810	-7.66264e+10
3.57	281803	-7.94138e+10	1	0	281801	-7.94127e+10
3.57	286768	-8.22351e+10	1	0	286766	-8.2234e+10
3.57	291706	-8.509e+10	1	0	291704	-8.50888e+10
3.57	296661	-8.80037e+10	1	0	296658	-8.80019e+10
3.57	301585	-9.09564e+10	1	0	301582	-9.09546e+10
3.57	306583	-9.39944e+10	1	0	306580	-9.39926e+10
3.57	311553	-9.70649e+10	1	0	311551	-9.70636e+10
3.57	316474	-1.00154e+11	1	0	316472	-1.00153e+11
3.57	321387	-1.03286e+11	1	0	321384	-1.03284e+11
3.57	326329	-1.06494e+11	1	0	326326	-1.06492e+11
3.57	331286	-1.09752e+11	1	0	331284	-1.09751e+11
3.57	336271	-1.13078e+11	2	-2	336269	-1.13077e+11
3.57	341248	-1.16449e+11	2	-2	341245	-1.16446e+11
3.57	346168	-1.19829e+11	2	-2	346165	-1.19827e+11
3.57	351073	-1.23256e+11	2	-2	351070	-1.23254e+11
3.57	355977	-1.26722e+11	2	-2	355975	-1.2672e+11
3.57	360925	-1.30267e+11	2	-2	360922	-1.30265e+11
3.57	365859	-1.33852e+11	2	-2	365856	-1.33849e+11
3.57	370789	-1.37482e+11	2	-2	370786	-1.37479e+11
3.57	375746	-1.41189e+11	2	-2	375743	-1.41187e+11
3.57	380726	-1.44955e+11	2	-2	380723	-1.44952e+11
3.57	385653	-1.48729e+11	2	-2	385650	-1.48727e+11
3.57	390579	-1.52551e+11	2	-2	390576	-1.52549e+11
3.57	395516	-1.5643e+11	2	-2	395513	-1.56428e+11
3.57	400412	-1.60326e+11	2	-2	400409	-1.60323e+11
3.57	405332	-1.64297e+11	2	-2	405329	-1.64294e+11
3.57	410286	-1.68336e+11	2	-2	410283	-1.68333e+11
3.57	415213	-1.72401e+11	2	-2	415209	-1.72398e+11
3.57	420151	-1.76525e+11	2	-2	420148	-1.76522e+11
3.57	425103	-1.80709e+11	2	-2	425100	-1.80706e+11
3.57	430055	-1.8495e+11	2	-2	430052	-1.84948e+11
3.57	434995	-1.89222e+11	2	-2	434992	-1.8922e+11
3.57	439929	-1.93537e+11	2	-2	439925	-1.93534e+11
3.57	444898	-1.97932e+11	2	-2	444895	-1.9793e+11
3.57	449862	-2.02372e+11	2	-2	449859	-2.0237e+11
3.57	454771	-2.0682e+11	2	-2	454767	-2.06817e+11
3.57	459711	-2.11336e+11	2	-2	459707	-2.11332e+11
3.57	464627	-2.15879e+11	2	-2	464624	-2.15876e+11
3.57	469531	-2.20458e+11	2	-2	469528	-2.20455e+11
3.57	474514	-2.25161e+11	2	-2	474510	-2.25157e+11
3.57	479464	-2.2989e+11	2	-2	479460	-2.29886e+11
3.57	484390	-2.34636e+11	2	-2	484386	-2.34632e+11
3.57	489318	-2.39433e+11	2	-2	489314	-2.39429e+11
3.57	494170	-2.44203e+11	2	-2	494166	-2.44199e+11
3.57	499141	-2.49139e+11	2	-2	499137	-2.49135e+11
3.57	504035	-2.54047e+11	2	-2	504031	-2.54043e+11
3.57	508971	-2.59054e+11	3	-6	508967	-2.5905e+11
3.57	513840	-2.64033e+11	3	-6	513836	-2.64029e+11
3.57	518791	-2.69144e+11	3	-6	518788	-2.69141e+11
3.57	523724	-2.74285e+11	3	-6	523721	-2.74282e+11
3.57	528621	-2.79436e+11	3	-6	528617	-2.79432e+11
3.57	533555	-2.84684e+11	3	-6	533552	-2.84681e+11
3.57	538487	-2.8997e+11	3	-6	538483	-2.89966e+11
3.57	543465	-2.95354e+11	3	-6	543461	-2.9535e+11
3.57	548420	-3.00763e+11	3	-6	548416	-3.00758e+11
3.57	553314	-3.06153e+11	3	-6	553310	-3.06149e+11
3.57	558231	-3.11625e+11	3	-6	558227	-3.11621e+11
3.57	563171	-3.17164e+11	3	-6	563167	-3.17159e+11
3.57	568051	-3.22682e+11	3	-6	568047	-3.22678e+11
3.57	572991	-3.28317e+11	3	-6	572987	-3.28313e+11
3.57	577913	-3.33981e+11	3	-6	577909	-3.33976e+11
3.57	582858	-3.39728e+11	3	-6	582854	-3.39723e+11
3.57	587813	-3.45527e+11	3	-6	587809	-3.45522e+11
3.57	592829	-3.51447e+11	3	-6	592825	-3.51442e+11
3.57	597811	-3.57377e+11	3	-6	597806	-3.57371e+11
3.57	602773	-3.63333e+11	3	-6	602769	-3.63328e+11
3.57	607671	-3.6926e+11	3	-6	607666	-3.69254e+11
3.57	612607	-3.7529e+11	3	-6	612603	-3.75285e+11
3.57	617551	-3.8137e+11	3	-6	617547	-3.81365e+11
3.57	622478	-3.87478e+11	3	-6	622473	-3.87472e+11
3.57	627434	-3.93671e+11	3	-6	627429	-3.93665e+11
3.57	632391	-3.99915e+11	3	-6	632387	-3.99909e+11
3.57	637278	-4.06126e+11	3	-6	637274	-4.06121e+11
3.57	642206	-4.1243e+11	3	-6	642202	-4.12425e+11
3.57	647161	-4.18817e+11	3	-6	647157	-4.18812e+11
3.57	652065	-4.25187e+11	3	-6	652060	-4.2518e+11
3.57	657028	-4.31682e+11	3	-6	657023	-4.31676e+11
3.57	662039	-4.38299e+11	3	-6	662034	-4.38293e+11
3.57	666972	-4.44854e+11	3	-6	666967	-4.44847e+11
3.57	671886	-4.51431e+11	3	-6	671882	-4.51426e+11
3.57	676813	-4.58074e+11	3	-6	676808	-4.58068e+11
3.57	681815	-4.64869e+11	3	-6	681810	-4.64862e+11
3.57	686760	-4.71643e+11	4	-12	686755	-4.71636e+11
3.57	691659	-4.78394e+11	4	-12	691654	-4.78388e+11
3.57	696607	-4.85262e+11	4	-12	696603	-4.85256e+11
3.57	701540	-4.92157e+11	4	-12	701535	-4.9215e+11
3.57	706489	-4.99124e+11	4	-12	706484	-4.99117e+11
3.57	711386	-5.06066e+11	4	-12	711381	-5.06059e+11
3.57	716299	-5.13087e+11	4	-12	716294	-5.1308e+11
3.57	721297	-5.2027e+11	4	-12	721292	-5.20263e+11
3.57	726207	-5.27376e+11	4	-12	726202	-5.27369e+11
3.57	731138	-5.34561e+11	4	-12	731133	-5.34553e+11
3.57	736038	-5.41748e+11	4	-12	736033	-5.41741e+11
3.57	740917	-5.48961e+11	4	-12	740912	-5.48954e+11
3.57	745950	-5.56443e+11	4	-12	745945	-5.56435e+11
3.57	750877	-5.63816e+11	4	-12	750872	-5.63809e+11
3.57	755841	-5.71294e+11	4	-12	755835	-5.71285e+11
3.57	760779	-5.78781e+11	4	-12	760774	-5.78774e+11
3.57	765759	-5.8639e+11	4	-12	765754	-5.86383e+11
3.57	770679	-5.93948e+11	4	-12	770674	-5.9394e+11
3.57	775571	-6.01511e+11	4	-12	775566	-6.01503e+11
3.57	780522	-6.09213e+11	4	-12	780517	-6.09205e+11
3.57	785469	-6.16958e+11	4	-12	785464	-6.16951e+11
3.57	790354	-6.24663e+11	4	-12	790349	-6.24655e+11
3.57	795280	-6.32472e+11	4	-12	795275	-6.32465e+11
3.57	800255	-6.40409e+11	4	-12	800250	-6.40401e+11
3.57	805166	-6.48291e+11	4	-12	805161	-6.48283e+11
3.57	810083	-6.56232e+11	4	-12	810077	-6.56222e+11
3.57	814996	-6.64223e+11	4	-12	814990	-6.64213e+11
3.57	819870	-6.72189e+11	4	-12	819864	-6.7218e+11
3.57	824852	-6.80382e+11	4	-12	824847	-6.80374e+11
3.57	829850	-6.8865e+11	4	-12	829845	-6.88642e+11
3.57	834822	-6.96925e+11	4	-12	834816	-6.96915e+11
3.57	839765	-7.05201e+11	4	-12	839760	-7.05193e+11
3.57	844725	-7.13563e+11	4	-12	844720	-7.13555e+11
3.57	849639	-7.21888e+11	4	-12	849634	-7.21879e+11
3.57	854587	-7.30319e+11	4	-12	854582	-7.3031e+11
3.57	859520	-7.38773e+11	4	-12	859515	-7.38764e+11
3.57	864449	-7.47268e+11	4	-12	864444	-7.4726e+11
3.57	869414	-7.55884e+11	4	-12	869408	-7.55874e+11
3.57	874343	-7.64477e+11	5	-20	874337	-7.64467e+11
3.57	879302	-7.73172e+11	5	-20	879296	-7.73162e+11
3.57	884230	-7.81861e+11	5	-20	884224	-7.81851e+11
3.57	889225	-7.90718e+11	5	-20	889219	-7.90707e+11
3.57	894148	-7.99504e+11	5	-20	894143	-7.99495e+11
3.57	899109	-8.08399e+11	5	-20	899103	-8.08388e+11
3.57	904036	-8.17282e+11	5	-20	904030	-8.17271e+11
3.57	908916	-8.26127e+11	5	-20	908910	-8.26116e+11
3.57	913819	-8.35062e+11	5	-20	913813	-8.35051e+11
3.57	918759	-8.44122e+11	5	-20	918753	-8.44111e+11
3.57	923675	-8.53178e+11	5	-20	923669	-8.53167e+11
3.57	928626	-8.62347e+11	5	-20	928620	-8.62336e+11
3.57	933547	-8.71509e+11	5	-20	933541	-8.71498e+11
3.57	938462	-8.80709e+11	5	-20	938456	-8.80697e+11
3.57	943357	-8.89918e+11	5	-20	943350	-8.89905e+11
3.57	948319	-8.99312e+11	5	-20	948313	-8.99301e+11
3.57	953164	-9.08523e+11	5	-20	953158	-9.08512e+11
3.57	958079	-9.17915e+11	5	-20	958073	-9.17904e+11
3.57	963005	-9.27377e+11	5	-20	962999	-9.27365e+11
3.57	967950	-9.36924e+11	5	-20	967944	-9.36912e+11
3.57	972899	-9.46536e+11	5	-20	972893	-9.46524e+11
3.57	977896	-9.56282e+11	5	-20	977889	-9.56269e+11
3.57	982841	-9.65977e+11	5	-20	982835	-9.65965e+11
3.57	987762	-9.75672e+11	5	-20	987756	-9.7566e+11
3.57	992751	-9.85551e+11	5	-20	992744	-9.85537e+11
3.57	997674	-9.95357e+11	5	-20	997668	-9.95345e+11
3.57	1.00257e+06	-1.00515e+12	5	-20	1.00256e+06	-1.00513e+12
3.57	1.00752e+06	-1.01509e+12	5	-20	1.00751e+06	-1.01508e+12
3.57	1.01252e+06	-1.0252e+12	5	-20	1.01252e+06	-1.02519e+12
3.57	1.0175e+06	-1.03531e+12	5	-20	1.0175e+06	-1.0353e+12
3.57	1.02243e+06	-1.04537e+12	5	-20	1.02242e+06	-1.04536e+12
3.57	1.02739e+06	-1.05553e+12	5	-20	1.02738e+06	-1.05551e+12
3.57	1.03231e+06	-1.06566e+12	5	-20	1.0323e+06	-1.06565e+12
3.57	1.03723e+06	-1.07585e+12	5	-20	1.03722e+06	-1.07583e+12
3.57	1.04219e+06	-1.08616e+12	5	-20	1.04218e+06	-1.08615e+12
3.57	1.04713e+06	-1.09648e+12	6	-30	1.04712e+06	-1.09647e+12
3.57	1.05209e+06	-1.10689e+12	6	-30	1.05208e+06	-1.10688e+12
3.57	1.05702e+06	-1.11728e+12	6	-30	1.05701e+06	-1.11727e+12
3.57	1.06191e+06	-1.12765e+12	6	-30	1.0619e+06	-1.12764e+12
3.57	1.06688e+06	-1.13824e+12	6	-30	1.06688e+06	-1.13822e+12
3.57	1.07183e+06	-1.14882e+12	6	-30	1.07182e+06	-1.1488e+12
3.57	1.07678e+06	-1.15945e+12	6	-30	1.07677e+06	-1.15944e+12
3.57	1.08168e+06	-1.17003e+12	6	-30	1.08167e+06	-1.17002e+12
3.57	1.08662e+06	-1.18074e+12	6	-30	1.08661e+06	-1.18073e+12
3.57	1.09154e+06	-1.19146e+12	6	-30	1.09153e+06	-1.19144e+12
3.57	1.09645e+06	-1.2022e+12	6	-30	1.09644e+06	-1.20218e+12
3.57	1.1014e+06	-1.21308e+12	6	-30	1.10139e+06	-1.21306e+12
3.57	1.10635e+06	-1.22402e+12	6	-30	1.10634e+06	-1.224e+12
3.57	1.11133e+06	-1.23505e+12	6	-30	1.11132e+06	-1.23503e+12
3.57	1.11628e+06	-1.24609e+12	6	-30	1.11628e+06	-1.24607e+12
3.57	1.12122e+06	-1.25712e+12	6	-30	1.12121e+06	-1.2571e+12
3.57	1.12618e+06	-1.26829e+12	6	-30	1.12617e+06	-1.26827e+12
3.57	1.13113e+06	-1.27947e+12	6	-30	1.13113e+06	-1.27945e+12
3.57	1.13612e+06	-1.29076e+12	6	-30	1.13611e+06	-1.29074e+12
3.57	1.14106e+06	-1.30203e+12	6	-30	1.14106e+06	-1.30201e+12
3.57	1.14599e+06	-1.3133e+12	6	-30	1.14599e+06	-1.31328e+12
3.57	1.15089e+06	-1.32455e+12	6	-30	1.15089e+06	-1.32453e+12
3.57	1.15586e+06	-1.33603e+12	6	-30	1.15586e+06	-1.33601e+12
3.57	1.16082e+06	-1.3475e+12	6	-30	1.16081e+06	-1.34748e+12
3.57	1.1658e+06	-1.3591e+12	6	-30	1.1658e+06	-1.35908e+12
3.57	1.17077e+06	-1.3707e+12	6	-30	1.17076e+06	-1.37069e+12
3.57	1.17574e+06	-1.38237e+12	6	-30	1.17574e+06	-1.38235e+12
3.57	1.18066e+06	-1.39397e+12	6	-30	1.18066e+06	-1.39395e+12
3.57	1.18562e+06	-1.40571e+12	6	-30	1.18562e+06	-1.40569e+12
3.57	1.19052e+06	-1.41733e+12	6	-30	1.19051e+06	-1.41731e+12
3.57	1.19549e+06	-1.4292e+12	6	-30	1.19548e+06	-1.42918e+12
3.57	1.20051e+06	-1.44122e+12	6	-30	1.2005e+06	-1.4412e+12
3.57	1.20547e+06	-1.45316e+12	6	-30	1.20546e+06	-1.45314e+12
3.57	1.21038e+06	-1.46503e+12	6	-30	1.21038e+06	-1.46501e+12
3.57	1.21533e+06	-1.47704e+12	6	-30	1.21533e+06	-1.47702e+12
3.57	1.22024e+06	-1.48898e+12	6	-30	1.22023e+06	-1.48896e+12
3.57	1.22518e+06	-1.50107e+12	7	-42	1.22517e+06	-1.50105e+12
3.57	1.2301e+06	-1.51314e+12	7	-42	1.23009e+06	-1.51313e+12
3.57	1.23501e+06	-1.52526e+12	7	-42	1.23501e+06	-1.52524e+12
3.57	1.23994e+06	-1.53745e+12	7	-42	1.23993e+06	-1.53743e+12
3.57	1.2449e+06	-1.54978e+12	7	-42	1.24489e+06	-1.54976e+12
3.57	1.24985e+06	-1.56212e+12	7	-42	1.24984e+06	-1.5621e+12
3.57	1.25478e+06	-1.57447e+12	7	-42	1.25477e+06	-1.57445e+12
3.57	1.25974e+06	-1.58695e+12	7	-42	1.25973e+06	-1.58693e+12
3.57	1.26472e+06	-1.59951e+12	7	-42	1.26471e+06	-1.59949e+12
3.57	1.26968e+06	-1.6121e+12	7	-42	1.26968e+06	-1.61208e+12
3.57	1.27458e+06	-1.62455e+12	7	-42	1.27457e+06	-1.62453e+12
3.57	1.27955e+06	-1.63724e+12	7	-42	1.27954e+06	-1.63722e+12
3.57	1.2845e+06	-1.64994e+12	7	-42	1.28449e+06	-1.64992e+12
3.57	1.28946e+06	-1.6627e+12	7	-42	1.28945e+06	-1.66268e+12
3.57	1.29439e+06	-1.67545e+12	7	-42	1.29438e+06	-1.67543e+12
3.57	1.29935e+06	-1.68831e+12	7	-42	1.29934e+06	-1.68829e+12
3.57	1.3043e+06	-1.70121e+12	7	-42	1.3043e+06	-1.70118e+12
3.57	1.30921e+06	-1.71404e+12	7	-42	1.30921e+06	-1.71402e+12
3.57	1.31416e+06	-1.72703e+12	7	-42	1.31416e+06	-1.72701e+12
3.57	1.31906e+06	-1.73993e+12	7	-42	1.31906e+06	-1.73991e+12
3.57	1.32402e+06	-1.75302e+12	7	-42	1.32401e+06	-1.753e+12
3.57	1.32896e+06	-1.76612e+12	7	-42	1.32895e+06	-1.7661e+12
3.57	1.33388e+06	-1.77923e+12	7	-42	1.33387e+06	-1.77921e+12
3.57	1.33885e+06	-1.79251e+12	7	-42	1.33884e+06	-1.79249e+12
3.57	1.34382e+06	-1.80585e+12	7	-42	1.34381e+06	-1.80583e+12
3.57	1.34876e+06	-1.81916e+12	7	-42	1.34876e+06	-1.81914e+12
3.57	1.35372e+06	-1.83255e+12	7	-42	1.35371e+06	-1.83253e+12
3.57	1.35866e+06	-1.84597e+12	7	-42	1.35866e+06	-1.84595e+12
3.57	1.36358e+06	-1.85937e+12	7	-42	1.36358e+06	-1.85934e+12
3.57	1.36852e+06	-1.87286e+12	7	-42	1.36852e+06	-1.87283e+12
3.57	1.37347e+06	-1.88641e+12	7	-42	1.37346e+06	-1.88638e+12
3.57	1.37848e+06	-1.90022e+12	7	-42	1.37848e+06	-1.90019e+12
3.57	1.38345e+06	-1.91392e+12	7	-42	1.38344e+06	-1.9139e+12
3.57	1.38844e+06	-1.92778e+12	7	-42	1.38844e+06	-1.92775e+12
3.57	1.39335e+06	-1.94142e+12	7	-42	1.39334e+06	-1.9414e+12
3.57	1.39826e+06	-1.95514e+12	8	-56	1.39825e+06	-1.95511e+12
3.57	1.40324e+06	-1.96909e+12	8	-56	1.40324e+06	-1.96907e+12
3.57	1.40813e+06	-1.98282e+12	8	-56	1.40812e+06	-1.98279e+12
3.57	1.41308e+06	-1.9968e+12	8	-56	1.41307e+06	-1.99677e+12
3.57	1.41805e+06	-2.01087e+12	8	-56	1.41804e+06	-2.01084e+12
3.57	1.42298e+06	-2.02487e+12	8	-56	1.42297e+06	-2.02484e+12
3.57	1.42785e+06	-2.03875e+12	8	-56	1.42784e+06	-2.03872e+12
3.57	1.43276e+06	-2.05279e+12	8	-56	1.43275e+06	-2.05277e+12
3.57	1.43772e+06	-2.06705e+12	8	-56	1.43771e+06	-2.06703e+12
3.57	1.44266e+06	-2.08126e+12	8	-56	1.44265e+06	-2.08124e+12
3.57	1.44756e+06	-2.09543e+12	8	-56	1.44755e+06	-2.0954e+12
3.57	1.45252e+06	-2.10982e+12	8	-56	1.45251e+06	-2.10979e+12
3.57	1.45747e+06	-2.12422e+12	8	-56	1.45746e+06	-2.1242e+12
3.57	1.4624e+06	-2.13861e+12	8	-56	1.46239e+06	-2.13858e+12
3.57	1.46738e+06	-2.1532e+12	8	-56	1.46737e+06	-2.15318e+12
3.57	1.47235e+06	-2.1678e+12	8	-56	1.47234e+06	-2.16778e+12
3.57	1.47725e+06	-2.18226e+12	8	-56	1.47724e+06	-2.18224e+12
3.57	1.48226e+06	-2.19709e+12	8	-56	1.48225e+06	-2.19706e+12
3.57	1.48721e+06	-2.2118e+12	8	-56	1.4872e+06	-2.21177e+12
3.57	1.49213e+06	-2.22646e+12	8	-56	1.49212e+06	-2.22643e+12
3.57	1.49701e+06	-2.24104e+12	8	-56	1.497e+06	-2.24101e+12
3.57	1.50196e+06	-2.25587e+12	8	-56	1.50195e+06	-2.25584e+12
3.57	1.50691e+06	-2.27078e+12	8	-56	1.5069e+06	-2.27075e+12
3.57	1.51186e+06	-2.28572e+12	8	-56	1.51185e+06	-2.28569e+12
3.57	1.51679e+06	-2.30066e+12	8	-56	1.51678e+06	-2.30063e+12
3.57	1.52174e+06	-2.31568e+12	8	-56	1.52173e+06	-2.31565e+12
3.57	1.52668e+06	-2.33077e+12	8	-56	1.52668e+06	-2.33074e+12
3.57	1.53164e+06	-2.34591e+12	8	-56	1.53163e+06	-2.34588e+12
3.57	1.5366e+06	-2.36114e+12	8	-56	1.53659e+06	-2.36111e+12
3.57	1.54155e+06	-2.37637e+12	8	-56	1.54154e+06	-2.37634e+12
3.57	1.54651e+06	-2.39169e+12	8	-56	1.5465e+06	-2.39166e+12
3.57	1.55142e+06	-2.40691e+12	8	-56	1.55141e+06	-2.40688e+12
3.57	1.55636e+06	-2.42226e+12	9	-72	1.55635e+06	-2.42223e+12
3.57	1.56129e+06	-2.43761e+12	9	-72	1.56128e+06	-2.43758e+12
3.57	1.56625e+06	-2.45315e+12	9	-72	1.56624e+06	-2.45312e+12
3.57	1.5712e+06	-2.46867e+12	9	-72	1.57119e+06	-2.46864e+12
3.57	1.5762e+06	-2.48441e+12	9	-72	1.57619e+06	-2.48438e+12
3.57	1.58116e+06	-2.50007e+12	9	-72	1.58115e+06	-2.50004e+12
3.57	1.58615e+06	-2.51588e+12	9	-72	1.58614e+06	-2.51585e+12
3.57	1.59106e+06	-2.53148e+12	9	-72	1.59105e+06	-2.53145e+12
3.57	1.59606e+06	-2.54739e+12	9	-72	1.59604e+06	-2.54736e+12
3.57	1.60103e+06	-2.56329e+12	9	-72	1.60102e+06	-2.56326e+12
3.57	1.606e+06	-2.57925e+12	9	-72	1.60599e+06	-2.57922e+12
3.57	1.61091e+06	-2.59503e+12	9	-72	1.6109e+06	-2.595e+12
3.57	1.61585e+06	-2.61098e+12	9	-72	1.61584e+06	-2.61095e+12
3.57	1.62078e+06	-2.62692e+12	9	-72	1.62077e+06	-2.62689e+12
3.57	1.62564e+06	-2.64271e+12	9	-72	1.62563e+06	-2.64267e+12
3.57	1.63055e+06	-2.65868e+12	9	-72	1.63054e+06	-2.65865e+12
3.57	1.63549e+06	-2.67483e+12	9	-72	1.63548e+06	-2.67479e+12
3.57	1.64044e+06	-2.69104e+12	9	-72	1.64043e+06	-2.69101e+12
3.57	1.64537e+06	-2.70724e+12	9	-72	1.64536e+06	-2.7072e+12
3.57	1.65028e+06	-2.72342e+12	9	-72	1.65027e+06	-2.72339e+12
3.57	1.65521e+06	-2.73971e+12	9	-72	1.6552e+06	-2.73967e+12
3.57	1.66013e+06	-2.75602e+12	9	-72	1.66012e+06	-2.75599e+12
3.57	1.66508e+06	-2.77248e+12	9	-72	1.66507e+06	-2.77245e+12
3.57	1.67007e+06	-2.78914e+12	9	-72	1.67006e+06	-2.7891e+12
3.57	1.67503e+06	-2.80571e+12	9	-72	1.67502e+06	-2.80568e+12
3.57	1.68e+06	-2.82239e+12	9	-72	1.67999e+06	-2.82236e+12
3.57	1.68502e+06	-2.83928e+12	9	-72	1.68501e+06	-2.83925e+12
3.57	1.68996e+06	-2.85597e+12	9	-72	1.68995e+06	-2.85593e+12
3.57	1.69485e+06	-2.87253e+12	9	-72	1.69484e+06	-2.8725e+12
3.57	1.69979e+06	-2.8893e+12	9	-72	1.69978e+06	-2.88926e+12
3.57	1.70476e+06	-2.9062e+12	9	-72	1.70475e+06	-2.90616e+12
3.57	1.70965e+06	-2.92291e+12	9	-72	1.70964e+06	-2.92287e+12
3.57	1.71457e+06	-2.93974e+12	9	-72	1.71456e+06	-2.9397e+12
3.57	1.71949e+06	-2.95664e+12	9	-72	1.71948e+06	-2.9566e+12
3.57	1.7244e+06	-2.97355e+12	9	-72	1.72439e+06	-2.97352e+12
3.57	1.72926e+06	-2.99035e+12	10	-90	1.72925e+06	-2.99031e+12
3.57	1.7342e+06	-3.00747e+12	10	-90	1.73419e+06	-3.00743e+12
3.57	1.73914e+06	-3.02459e+12	10	-90	1.73912e+06	-3.02455e+12
3.57	1.74407e+06	-3.04177e+12	10	-90	1.74406e+06	-3.04173e+12
3.57	1.74902e+06	-3.05908e+12	10	-90	1.74901e+06	-3.05905e+12
3.57	1.75398e+06	-3.07645e+12	10	-90	1.75397e+06	-3.07642e+12
3.57	1.7589e+06	-3.09372e+12	10	-90	1.75889e+06	-3.09368e+12
3.57	1.76383e+06	-3.11109e+12	10	-90	1.76382e+06	-3.11106e+12
3.57	1.76874e+06	-3.12843e+12	10	-90	1.76873e+06	-3.12839e+12
3.57	1.7737e+06	-3.14601e+12	10	-90	1.77369e+06	-3.14597e+12
3.57	1.77861e+06	-3.16345e+12	10	-90	1.7786e+06	-3.16341e+12
3.57	1.78358e+06	-3.18114e+12	10	-90	1.78356e+06	-3.1811e+12
3.57	1.78851e+06	-3.19876e+12	10	-90	1.7885e+06	-3.19872e+12
3.57	1.79344e+06	-3.21642e+12	10	-90	1.79343e+06	-3.21638e+12
3.57	1.79836e+06	-3.23409e+12	10	-90	1.79834e+06	-3.23405e+12
3.57	1.80325e+06	-3.25173e+12	10	-90	1.80324e+06	-3.25168e+12
3.57	1.80812e+06	-3.26928e+12	10	-90	1.8081e+06	-3.26924e+12
3.57	1.81299e+06	-3.28692e+12	10	-90	1.81298e+06	-3.28688e+12
3.57	1.81793e+06	-3.30486e+12	10	-90	1.81792e+06	-3.30482e+12
3.57	1.82291e+06	-3.323e+12	10	-90	1.8229e+06	-3.32296e+12
3.57	1.82787e+06	-3.34112e+12	10	-90	1.82786e+06	-3.34108e+12
3.57	1.83278e+06	-3.35907e+12	10	-90	1.83277e+06	-3.35903e+12
3.57	1.8377e+06	-3.37714e+12	10	-90	1.83769e+06	-3.3771e+12
3.57	1.84268e+06	-3.39546e+12	10	-90	1.84267e+06	-3.39542e+12
3.57	1.84755e+06	-3.41344e+12	10	-90	1.84754e+06	-3.4134e+12
3.57	1.85252e+06	-3.43183e+12	10	-90	1.85251e+06	-3.43178e+12
3.57	1.85741e+06	-3.44999e+12	10	-90	1.8574e+06	-3.44994e+12
3.57	1.86236e+06	-3.46838e+12	10	-90	1.86235e+06	-3.46834e+12
3.57	1.86728e+06	-3.48673e+12	10	-90	1.86727e+06	-3.48668e+12
3.57	1.87217e+06	-3.50503e+12	10	-90	1.87216e+06	-3.50499e+12
3.57	1.8771e+06	-3.52352e+12	10	-90	1.87709e+06	-3.52348e+12
3.57	1.88205e+06	-3.54211e+12	10	-90	1.88204e+06	-3.54206e+12
3.57	1.887e+06	-3.56077e+12	10	-90	1.88699e+06	-3.56073e+12
3.57	1.89193e+06	-3.57938e+12	10	-90	1.89192e+06	-3.57934e+12
3.57	1.89684e+06	-3.59801e+12	10	-90	1.89683e+06	-3.59797e+12
3.57	1.90179e+06	-3.6168e+12	11	-110	1.90178e+06	-3.61676e+12
3.57	1.90675e+06	-3.63571e+12	11	-110	1.90674e+06	-3.63566e+12
3.57	1.91171e+06	-3.65463e+12	11	-110	1.9117e+06	-3.65458e+12
3.57	1.91658e+06	-3.67329e+12	11	-110	1.91657e+06	-3.67324e+12
3.57	1.92151e+06	-3.69221e+12	11	-110	1.9215e+06	-3.69216e+12
3.57	1.92645e+06	-3.71121e+12	11	-110	1.92644e+06	-3.71116e+12
3.57	1.93136e+06	-3.73014e+12	11	-110	1.93134e+06	-3.73009e+12
3.57	1.93632e+06	-3.74933e+12	11	-110	1.93631e+06	-3.74929e+12
3.57	1.94128e+06	-3.76858e+12	11	-110	1.94127e+06	-3.76853e+12
3.57	1.94624e+06	-3.78785e+12	11	-110	1.94623e+06	-3.78781e+12
3.57	1.95118e+06	-3.8071e+12	11	-110	1.95117e+06	-3.80705e+12
3.57	1.95601e+06	-3.82598e+12	11	-110	1.956e+06	-3.82593e+12
3.57	1.96089e+06	-3.8451e+12	11	-110	1.96088e+06	-3.84506e+12
3.57	1.96582e+06	-3.86447e+12	11	-110	1.96581e+06	-3.86442e+12
3.57	1.97076e+06	-3.8839e+12	11	-110	1.97075e+06	-3.88385e+12
3.57	1.97573e+06	-3.90352e+12	11	-110	1.97572e+06	-3.90347e+12
3.57	1.98065e+06	-3.92298e+12	11	-110	1.98064e+06	-3.92293e+12
3.57	1.98552e+06	-3.94231e+12	11	-110	1.98551e+06	-3.94226e+12
3.57	1.99047e+06	-3.96197e+12	11	-110	1.99046e+06	-3.96192e+12
3.57	1.9954e+06	-3.98162e+12	11	-110	1.99539e+06	-3.98157e+12
3.57	2.00031e+06	-4.00125e+12	11	-110	2.0003e+06	-4.0012e+12
3.57	2.00527e+06	-4.0211e+12	11	-110	2.00526e+06	-4.02106e+12
3.57	2.01027e+06	-4.04117e+12	11	-110	2.01025e+06	-4.04112e+12
3.57	2.0152e+06	-4.06102e+12	11	-110	2.01518e+06	-4.06097e+12
3.57	2.02014e+06	-4.08099e+12	11	-110	2.02013e+06	-4.08094e+12
3.57	2.02504e+06	-4.1008e+12	11	-110	2.02503e+06	-4.10075e+12
3.57	2.0299e+06	-4.12049e+12	11	-110	2.02989e+06	-4.12044e+12
3.57	2.03484e+06	-4.14058e+12	11	-110	2.03483e+06	-4.14053e+12
3.57	2.03982e+06	-4.16088e+12	11	-110	2.03981e+06	-4.16083e+12
3.57	2.04478e+06	-4.18113e+12	11	-110	2.04477e+06	-4.18107e+12
3.57	2.04974e+06	-4.20145e+12	11	-110	2.04973e+06	-4.2014e+12
3.57	2.05468e+06	-4.22171e+12	11	-110	2.05467e+06	-4.22166e+12
3.57	2.05959e+06	-4.2419e+12	11	-110	2.05957e+06	-4.24184e+12
3.57	2.06452e+06	-4.26226e+12	11	-110	2.06451e+06	-4.26221e+12
3.57	2.06947e+06	-4.28272e+12	12	-132	2.06946e+06	-4.28267e+12
3.57	2.07441e+06	-4.30318e+12	12	-132	2.0744e+06	-4.30313e+12
3.57	2.07938e+06	-4.32382e+12	12	-132	2.07937e+06	-4.32377e+12
3.57	2.08429e+06	-4.34428e+12	12	-132	2.08428e+06	-4.34422e+12
3.57	2.08924e+06	-4.36492e+12	12	-132	2.08923e+06	-4.36487e+12
3.57	2.09418e+06	-4.38559e+12	12	-132	2.09417e+06	-4.38554e+12
3.57	2.09909e+06	-4.40619e+12	12	-132	2.09908e+06	-4.40613e+12
3.57	2.10406e+06	-4.42707e+12	12	-132	2.10405e+06	-4.42702e+12
3.57	2.10897e+06	-4.44775e+12	12	-132	2.10896e+06	-4.4477e+12
3.57	2.1139e+06	-4.46855e+12	12	-132	2.11388e+06	-4.4685e+12
3.57	2.11882e+06	-4.4894e+12	12	-132	2.11881e+06	-4.48935e+12
3.57	2.12374e+06	-4.51026e+12	12	-132	2.12372e+06	-4.51021e+12
3.57	2.1287e+06	-4.53136e+12	12	-132	2.12869e+06	-4.53131e+12
3.57	2.13361e+06	-4.55229e+12	12	-132	2.1336e+06	-4.55224e+12
3.57	2.1385e+06	-4.5732e+12	12	-132	2.13849e+06	-4.57314e+12
3.57	2.14338e+06	-4.59407e+12	12	-132	2.14337e+06	-4.59402e+12
3.57	2.14837e+06	-4.61548e+12	12	-132	2.14835e+06	-4.61542e+12
3.57	2.15331e+06	-4.63675e+12	12	-132	2.1533e+06	-4.6367e+12
3.57	2.15824e+06	-4.65799e+12	12	-132	2.15823e+06	-4.65794e+12
3.57	2.16318e+06	-4.67935e+12	12	-132	2.16317e+06	-4.67929e+12
3.57	2.16808e+06	-4.70059e+12	12	-132	2.16807e+06	-4.70053e+12
3.57	2.17304e+06	-4.72212e+12	12	-132	2.17303e+06	-4.72206e+12
3.57	2.17802e+06	-4.74375e+12	12	-132	2.178e+06	-4.7437e+12
3.57	2.18295e+06	-4.76527e+12	12	-132	2.18294e+06	-4.76521e+12
3.57	2.18786e+06	-4.78675e+12	12	-132	2.18785e+06	-4.78669e+12
3.57	2.19284e+06	-4.80854e+12	12	-132	2.19282e+06	-4.80848e+12
3.57	2.19777e+06	-4.83018e+12	12	-132	2.19775e+06	-4.83012e+12
3.57	2.20271e+06	-4.85194e+12	12	-132	2.2027e+06	-4.85188e+12
3.57	2.20772e+06	-4.874e+12	12	-132	2.2077e+06	-4.87395e+12
3.57	2.21263e+06	-4.89575e+12	12	-132	2.21262e+06	-4.89569e+12
3.57	2.21756e+06	-4.9176e+12	12	-132	2.21755e+06	-4.91753e+12
3.57	2.22254e+06	-4.93967e+12	12	-132	2.22252e+06	-4.93961e+12
3.57	2.22753e+06	-4.96187e+12	12	-132	2.22751e+06	-4.96181e+12
3.57	2.23246e+06	-4.9839e+12	12	-132	2.23245e+06	-4.98384e+12
3.57	2.23738e+06	-5.00587e+12	12	-132	2.23737e+06	-5.00581e+12
3.57	2.24234e+06	-5.0281e+12	13	-156	2.24233e+06	-5.02803e+12
3.57	2.24725e+06	-5.05015e+12	13	-156	2.24724e+06	-5.05008e+12
3.57	2.25222e+06	-5.07249e+12	13	-156	2.2522e+06	-5.07242e+12
3.57	2.25714e+06	-5.09467e+12	13	-156	2.25712e+06	-5.09461e+12
3.57	2.26205e+06	-5.11686e+12	13	-156	2.26204e+06	-5.1168e+12
3.57	2.26704e+06	-5.13946e+12	13	-156	2.26702e+06	-5.13939e+12
3.57	2.27196e+06	-5.1618e+12	13	-156	2.27194e+06	-5.16174e+12
3.57	2.27694e+06	-5.18446e+12	13	-156	2.27693e+06	-5.1844e+12
3.57	2.28187e+06	-5.20693e+12	13	-156	2.28186e+06	-5.20687e+12
3.57	2.28684e+06	-5.22965e+12	13	-156	2.28683e+06	-5.22959e+12
3.57	2.29183e+06	-5.25247e+12	13	-156	2.29181e+06	-5.25241e+12
3.57	2.2968e+06	-5.27529e+12	13	-156	2.29679e+06	-5.27523e+12
3.57	2.30178e+06	-5.2982e+12	13	-156	2.30177e+06	-5.29813e+12
3.57	2.30667e+06	-5.32074e+12	13	-156	2.30666e+06	-5.32067e+12
3.57	2.31158e+06	-5.34341e+12	13	-156	2.31157e+06	-5.34335e+12
3.57	2.31657e+06	-5.36649e+12	13	-156	2.31655e+06	-5.36642e+12
3.57	2.3215e+06	-5.38935e+12	13	-156	2.32148e+06	-5.38928e+12
3.57	2.32647e+06	-5.41246e+12	13	-156	2.32646e+06	-5.41239e+12
3.57	2.3314e+06	-5.43545e+12	13	-156	2.33139e+06	-5.43538e+12
3.57	2.33641e+06	-5.4588e+12	13	-156	2.33639e+06	-5.45873e+12
3.57	2.34131e+06	-5.48173e+12	13	-156	2.3413e+06	-5.48166e+12
3.57	2.34624e+06	-5.50487e+12	13	-156	2.34623e+06	-5.5048e+12
3.57	2.35121e+06	-5.52821e+12	13	-156	2.3512e+06	-5.52814e+12
3.57	2.35614e+06	-5.55141e+12	13	-156	2.35613e+06	-5.55135e+12
3.57	2.36106e+06	-5.57458e+12	13	-156	2.36104e+06	-5.57451e+12
3.57	2.366e+06	-5.59797e+12	13	-156	2.36599e+06	-5.5979e+12
3.57	2.37094e+06	-5.62135e+12	13	-156	2.37092e+06	-5.62128e+12
3.57	2.37592e+06	-5.64499e+12	13	-156	2.3759e+06	-5.64492e+12
3.57	2.38084e+06	-5.66841e+12	13	-156	2.38083e+06	-5.66834e+12
3.57	2.38577e+06	-5.69191e+12	13	-156	2.38576e+06	-5.69184e+12
3.57	2.39072e+06	-5.71552e+12	13	-156	2.3907e+06	-5.71545e+12
3.57	2.39566e+06	-5.73919e+12	13	-156	2.39564e+06	-5.73912e+12
3.57	2.40059e+06	-5.76285e+12	13	-156	2.40058e+06	-5.76278e+12
3.57	2.40553e+06	-5.78657e+12	13	-156	2.40551e+06	-5.7865e+12
3.57	2.41043e+06	-5.81019e+12	13	-156	2.41042e+06	-5.81011e+12
3.57	2.41536e+06	-5.83396e+12	13	-156	2.41534e+06	-5.83388e+12
3.57	2.42028e+06	-5.85773e+12	14	-182	2.42026e+06	-5.85766e+12
3.57	2.42521e+06	-5.88167e+12	14	-182	2.4252e+06	-5.88159e+12
3.57	2.43017e+06	-5.90575e+12	14	-182	2.43016e+06	-5.90567e+12
3.57	2.43512e+06	-5.92983e+12	14	-182	2.43511e+06	-5.92975e+12
3.57	2.44008e+06	-5.95397e+12	14	-182	2.44006e+06	-5.9539e+12
3.57	2.44502e+06	-5.97812e+12	14	-182	2.445e+06	-5.97805e+12
3.57	2.44994e+06	-6.00221e+12	14	-182	2.44993e+06	-6.00214e+12
3.57	2.45484e+06	-6.02626e+12	14	-182	2.45483e+06	-6.02618e+12
3.57	2.45976e+06	-6.0504e+12	14	-182	2.45974e+06	-6.05033e+12
3.57	2.4647e+06	-6.07475e+12	14	-182	2.46469e+06	-6.07467e+12
3.57	2.46962e+06	-6.09899e+12	14	-182	2.4696e+06	-6.09892e+12
