0	0.00955577
1	0.00955577
2	0.00955577
3	0.00955577
4	0.00955577
5	0.00955577
6	0.00955577
7	0.00955577
8	0.00955577
9	0.0105558
10	0.0105558
11	0.0105558
12	0.0105558
13	0.0105558
14	0.0105558
15	0.0105558
16	0.0105558
17	0.0105558
18	0.0105558
19	0.0105558
20	0.0105558
21	0.0105558
22	0.0105558
23	0.0105558
24	0.0105558
25	0.0105558
26	0.0105558
27	0.0105558
28	0.0105558
29	0.0105558
30	0.0105558
31	0.0105558
32	0.0105558
33	0.0105558
34	0.0105558
35	0.0105558
36	0.0105558
37	0.0105558
38	0.0105558
39	0.0105558
40	0.0105558
41	0.0105558
42	0.0105558
43	0.0105558
44	0.0105558
45	0.0105558
46	0.0105558
47	0.0105558
48	0.0105558
49	0.0105558
50	0.0105558
51	0.0105558
52	0.0105558
53	0.0105558
54	0.0115558
55	0.0115558
56	0.0115558
57	0.0115558
58	0.0115558
59	0.0115558
60	0.0125558
61	0.0125558
62	0.0125558
63	0.0125558
64	0.0135558
65	0.0135558
66	0.0135558
67	0.0135558
68	0.0135558
69	0.0135558
70	0.0145558
71	0.0145558
72	0.0145558
73	0.0145558
74	0.0145558
75	0.0145558
76	0.0145558
77	0.0145558
78	0.0145558
79	0.0145558
80	0.0145558
81	0.0145558
82	0.0145558
83	0.0145558
84	0.0145558
85	0.0145558
86	0.0145558
87	0.0145558
88	0.0145558
89	0.0145558
90	0.0145558
91	0.0145558
92	0.0145558
93	0.0145558
94	0.0145558
95	0.0145558
96	0.0145558
97	0.0145558
98	0.0145558
99	0.0145558
100	0.0145558
101	0.0145558
102	0.0145558
103	0.0145558
104	0.0145558
105	0.0145558
106	0.0145558
107	0.0145558
108	0.0145558
109	0.0145558
110	0.0145558
111	0.0145558
112	0.0145558
113	0.0145558
114	0.0145558
115	0.0145558
116	0.0145558
117	0.0145558
118	0.0145558
119	0.0155558
120	0.0165558
121	0.0165558
122	0.0165558
123	0.0165558
124	0.0165558
125	0.0165558
126	0.0165558
127	0.0165558
128	0.0165558
129	0.0165558
130	0.0165558
131	0.0165558
132	0.0165558
133	0.0175558
134	0.0175558
135	0.0175558
136	0.0185558
137	0.0185558
138	0.0185558
139	0.0185558
140	0.0195558
141	0.0195558
142	0.0195558
143	0.0195558
144	0.0195558
145	0.0195558
146	0.0195558
147	0.0195558
148	0.0195558
149	0.0195558
150	0.0195558
151	0.0195558
152	0.0195558
153	0.0195558
154	0.0195558
155	0.0195558
156	0.0195558
157	0.0195558
158	0.0195558
159	0.0195558
160	0.0195558
161	0.0195558
162	0.0195558
163	0.0195558
164	0.0195558
165	0.0205558
166	0.0205558
167	0.0205558
168	0.0205558
169	0.0205558
170	0.0205558
171	0.0215558
172	0.0215558
173	0.0215558
174	0.0215558
175	0.0215558
176	0.0215558
177	0.0215558
178	0.0215558
179	0.0215558
180	0.0215558
181	0.0215558
182	0.0215558
183	0.0215558
184	0.0215558
185	0.0215558
186	0.0215558
187	0.0215558
188	0.0215558
189	0.0215558
190	0.0225558
191	0.0225558
192	0.0225558
193	0.0225558
194	0.0225558
195	0.0225558
196	0.0225558
197	0.0225558
198	0.0225558
199	0.0225558
200	0.0225558
201	0.0225558
202	0.0225558
203	0.0225558
204	0.0225558
205	0.0225558
206	0.0225558
207	0.0225558
208	0.0225558
209	0.0225558
210	0.0235558
211	0.0235558
212	0.0235558
213	0.0235558
214	0.0235558
215	0.0235558
216	0.0235558
217	0.0235558
218	0.0235558
219	0.0235558
220	0.0235558
221	0.0235558
222	0.0235558
223	0.0235558
224	0.0235558
225	0.0235558
226	0.0235558
227	0.0235558
228	0.0245558
229	0.0245558
230	0.0245558
231	0.0245558
232	0.0245558
233	0.0245558
234	0.0245558
235	0.0245558
236	0.0245558
237	0.0245558
238	0.0245558
239	0.0245558
240	0.0245558
241	0.0245558
242	0.0245558
243	0.0245558
244	0.0245558
245	0.0245558
246	0.0255558
247	0.0255558
248	0.0255558
249	0.0255558
250	0.0255558
251	0.0255558
252	0.0255558
253	0.0255558
254	0.0255558
255	0.0255558
256	0.0255558
257	0.0255558
258	0.0255558
259	0.0255558
260	0.0255558
261	0.0255558
262	0.0255558
263	0.0255558
264	0.0255558
265	0.0255558
266	0.0255558
267	0.0255558
268	0.0255558
269	0.0255558
270	0.0255558
271	0.0255558
272	0.0255558
273	0.0255558
274	0.0255558
275	0.0265558
276	0.0265558
277	0.0265558
278	0.0265558
279	0.0265558
280	0.0265558
281	0.0265558
282	0.0265558
283	0.0265558
284	0.0265558
285	0.0265558
286	0.0265558
287	0.0265558
288	0.0265558
289	0.0265558
290	0.0265558
291	0.0275558
292	0.0275558
293	0.0275558
294	0.0275558
295	0.0285558
296	0.0295558
297	0.0295558
298	0.0295558
299	0.0295558
300	0.0295558
301	0.0295558
302	0.0295558
303	0.0295558
304	0.0295558
305	0.0295558
306	0.0295558
307	0.0295558
308	0.0295558
309	0.0295558
310	0.0305558
311	0.0305558
312	0.0305558
313	0.0305558
314	0.0305558
315	0.0315558
316	0.0315558
317	0.0315558
318	0.0315558
319	0.0315558
320	0.0315558
321	0.0325558
322	0.0325558
323	0.0325558
324	0.0325558
325	0.0325558
326	0.0325558
327	0.0325558
328	0.0325558
329	0.0325558
330	0.0325558
331	0.0325558
332	0.0325558
333	0.0335558
334	0.0335558
335	0.0335558
336	0.0335558
337	0.0335558
338	0.0335558
339	0.0335558
340	0.0335558
341	0.0335558
342	0.0335558
343	0.0335558
344	0.0335558
345	0.0335558
346	0.0335558
347	0.0335558
348	0.0335558
349	0.0335558
350	0.0335558
351	0.0335558
352	0.0335558
353	0.0335558
354	0.0335558
355	0.0335558
356	0.0345558
357	0.0345558
358	0.0345558
359	0.0345558
360	0.0345558
361	0.0345558
362	0.0345558
363	0.0345558
364	0.0345558
365	0.0345558
366	0.0345558
367	0.0355558
368	0.0355558
369	0.0355558
370	0.0355558
371	0.0355558
372	0.0355558
373	0.0355558
374	0.0355558
375	0.0355558
376	0.0355558
377	0.0355558
378	0.0355558
379	0.0355558
380	0.0355558
381	0.0355558
382	0.0355558
383	0.0355558
384	0.0365558
385	0.0365558
386	0.0365558
387	0.0365558
388	0.0365558
389	0.0365558
390	0.0365558
391	0.0365558
392	0.0365558
393	0.0365558
394	0.0375558
395	0.0375558
396	0.0375558
397	0.0375558
398	0.0375558
399	0.0375558
400	0.0375558
401	0.0375558
402	0.0375558
403	0.0375558
404	0.0375558
405	0.0375558
406	0.0375558
407	0.0375558
408	0.0375558
409	0.0375558
410	0.0375558
411	0.0375558
412	0.0375558
413	0.0375558
414	0.0375558
415	0.0375558
416	0.0375558
417	0.0375558
418	0.0375558
419	0.0375558
420	0.0375558
421	0.0375558
422	0.0375558
423	0.0375558
424	0.0375558
425	0.0375558
426	0.0385558
427	0.0385558
428	0.0385558
429	0.0385558
430	0.0385558
431	0.0385558
432	0.0385558
433	0.0385558
434	0.0385558
435	0.0385558
436	0.0385558
437	0.0385558
438	0.0385558
439	0.0385558
440	0.0385558
441	0.0385558
442	0.0385558
443	0.0395558
444	0.0405558
445	0.0415558
446	0.0415558
447	0.0425558
448	0.0425558
449	0.0425558
450	0.0425558
451	0.0425558
452	0.0425558
453	0.0435558
454	0.0435558
455	0.0435558
456	0.0435558
457	0.0435558
458	0.0435558
459	0.0435558
460	0.0435558
461	0.0445558
462	0.0445558
463	0.0445558
464	0.0445558
465	0.0445558
466	0.0445558
467	0.0455558
468	0.0455558
469	0.0455558
470	0.0455558
471	0.0455558
472	0.0455558
473	0.0455558
474	0.0455558
475	0.0465558
476	0.0465558
477	0.0475558
478	0.0475558
479	0.0475558
480	0.0475558
481	0.0485558
482	0.0485558
483	0.0485558
484	0.0485558
485	0.0485558
486	0.0485558
487	0.0485558
488	0.0495558
489	0.0495558
490	0.0495558
491	0.0495558
492	0.0495558
493	0.0495558
494	0.0505558
495	0.0505558
496	0.0505558
497	0.0505558
498	0.0505558
499	0.0505558
500	0.0515558
501	0.0515558
502	0.0515558
503	0.0515558
504	0.0515558
505	0.0515558
506	0.0515558
507	0.0525558
508	0.0525558
509	0.0525558
510	0.0535558
511	0.0535558
512	0.0545558
513	0.0545558
514	0.0545558
515	0.0545558
516	0.0555558
517	0.0555558
518	0.0555558
519	0.0555558
520	0.0565558
521	0.0565558
522	0.0565558
523	0.0565558
524	0.0565558
525	0.0565558
526	0.0575558
527	0.0575558
528	0.0575558
529	0.0575558
530	0.0585558
531	0.0585558
532	0.0595558
533	0.0595558
534	0.0595558
535	0.0595558
536	0.0595558
537	0.0595558
538	0.0605558
539	0.0605558
540	0.0615558
541	0.0615558
542	0.0615558
543	0.0615558
544	0.0615558
545	0.0615558
546	0.0615558
547	0.0615558
548	0.0615558
549	0.0615558
550	0.0615558
551	0.0625558
552	0.0625558
553	0.0625558
554	0.0625558
555	0.0625558
556	0.0625558
557	0.0635558
558	0.0645558
559	0.0645558
560	0.0645558
561	0.0645558
562	0.0645558
563	0.0645558
564	0.0655558
565	0.0655558
566	0.0655558
567	0.0655558
568	0.0655558
569	0.0655558
570	0.0655558
571	0.0655558
572	0.0655558
573	0.0655558
574	0.0655558
575	0.0655558
576	0.0655558
577	0.0665558
578	0.0665558
579	0.0665558
580	0.0665558
581	0.0665558
582	0.0675558
583	0.0675558
584	0.0685558
585	0.0685558
586	0.0685558
587	0.0685558
588	0.0685558
589	0.0685558
590	0.0685558
591	0.0685558
592	0.0685558
593	0.0685558
594	0.0685558
595	0.0685558
596	0.0685558
597	0.0695558
598	0.0705558
599	0.0705558
600	0.0705558
601	0.0705558
602	0.0705558
603	0.0705558
604	0.0705558
605	0.0705558
606	0.0705558
607	0.0705558
608	0.0705558
609	0.0705558
610	0.0705558
611	0.0705558
612	0.0705558
613	0.0705558
614	0.0705558
615	0.0705558
616	0.0715558
617	0.0715558
618	0.0715558
619	0.0725558
620	0.0725558
621	0.0725558
622	0.0735558
623	0.0735558
624	0.0735558
625	0.0735558
626	0.0735558
627	0.0735558
628	0.0735558
629	0.0735558
630	0.0745558
631	0.0745558
632	0.0745558
633	0.0745558
634	0.0745558
635	0.0745558
636	0.0745558
637	0.0755558
638	0.0755558
639	0.0755558
640	0.0765558
641	0.0765558
642	0.0765558
643	0.0765558
644	0.0765558
645	0.0775558
646	0.0775558
647	0.0775558
648	0.0775558
649	0.0775558
650	0.0775558
651	0.0785558
652	0.0795558
653	0.0805558
654	0.0805558
655	0.0815558
656	0.0815558
657	0.0815558
658	0.0815558
659	0.0825558
660	0.0825558
661	0.0825558
662	0.0825558
663	0.0825558
664	0.0825558
665	0.0825558
666	0.0835558
667	0.0845558
668	0.0845558
669	0.0845558
670	0.0845558
671	0.0845558
672	0.0845558
673	0.0845558
674	0.0855558
675	0.0855558
676	0.0865558
677	0.0865558
678	0.0875558
679	0.0885558
680	0.0895558
681	0.0895558
682	0.0895558
683	0.0895558
684	0.0895558
685	0.0895558
686	0.0895558
687	0.0905558
688	0.0915558
689	0.0915558
690	0.0925558
691	0.0935558
692	0.0935558
693	0.0935558
694	0.0945558
695	0.0955558
696	0.0955558
697	0.0955558
698	0.0965558
699	0.0975558
700	0.0975558
701	0.0975558
702	0.0975558
703	0.0975558
704	0.0975558
705	0.0985558
706	0.0985558
707	0.0985558
708	0.0985558
709	0.0985558
710	0.0995558
711	0.100556
712	0.100556
713	0.100556
714	0.100556
715	0.100556
716	0.100556
717	0.100556
718	0.101556
719	0.102556
720	0.103556
721	0.103556
722	0.103556
723	0.104556
724	0.104556
725	0.104556
726	0.104556
727	0.104556
728	0.104556
729	0.104556
730	0.104556
731	0.105556
732	0.105556
733	0.105556
734	0.105556
735	0.105556
736	0.105556
737	0.105556
738	0.105556
739	0.106556
740	0.107556
741	0.107556
742	0.108556
743	0.109556
744	0.109556
745	0.109556
746	0.109556
747	0.109556
748	0.110556
749	0.110556
750	0.110556
751	0.111556
752	0.112556
753	0.112556
754	0.112556
755	0.112556
756	0.113556
757	0.113556
758	0.114556
759	0.114556
760	0.115556
761	0.116556
762	0.117556
763	0.117556
764	0.118556
765	0.118556
766	0.119556
767	0.120556
768	0.120556
769	0.120556
770	0.120556
771	0.121556
772	0.121556
773	0.121556
774	0.121556
775	0.121556
776	0.121556
777	0.121556
778	0.122556
779	0.122556
780	0.123556
781	0.123556
782	0.124556
783	0.125556
784	0.126556
785	0.127556
786	0.127556
787	0.128556
788	0.128556
789	0.128556
790	0.128556
791	0.128556
792	0.128556
793	0.129556
794	0.129556
795	0.129556
796	0.129556
797	0.129556
798	0.129556
799	0.130556
800	0.130556
801	0.130556
802	0.130556
803	0.131556
804	0.132556
805	0.132556
806	0.132556
807	0.133556
808	0.133556
809	0.133556
810	0.133556
811	0.134556
812	0.134556
813	0.135556
814	0.135556
815	0.136556
816	0.136556
817	0.136556
818	0.136556
819	0.137556
820	0.138556
821	0.138556
822	0.139556
823	0.140556
824	0.140556
825	0.141556
826	0.142556
827	0.142556
828	0.142556
829	0.142556
830	0.143556
831	0.143556
832	0.143556
833	0.143556
834	0.143556
835	0.143556
836	0.144556
837	0.144556
838	0.144556
839	0.145556
840	0.145556
841	0.145556
842	0.145556
843	0.145556
844	0.145556
845	0.146556
846	0.147556
847	0.147556
848	0.147556
849	0.147556
850	0.147556
851	0.148556
852	0.148556
853	0.148556
854	0.148556
855	0.148556
856	0.149556
857	0.149556
858	0.149556
859	0.149556
860	0.149556
861	0.150556
862	0.150556
863	0.151556
864	0.152556
865	0.153556
866	0.153556
867	0.153556
868	0.154556
869	0.155556
870	0.156556
871	0.156556
872	0.156556
873	0.157556
874	0.157556
875	0.158556
876	0.158556
877	0.159556
878	0.160556
879	0.160556
880	0.160556
881	0.161556
882	0.161556
883	0.161556
884	0.161556
885	0.162556
886	0.163556
887	0.164556
888	0.164556
889	0.165556
890	0.166556
891	0.166556
892	0.166556
893	0.166556
894	0.167556
895	0.167556
896	0.167556
897	0.168556
898	0.168556
899	0.168556
900	0.168556
901	0.169556
902	0.169556
903	0.170556
904	0.171556
905	0.172556
906	0.173556
907	0.174556
908	0.175556
909	0.176556
910	0.176556
911	0.177556
912	0.177556
913	0.178556
914	0.178556
915	0.179556
916	0.179556
917	0.179556
918	0.179556
919	0.180556
920	0.181556
921	0.182556
922	0.182556
923	0.183556
924	0.184556
925	0.185556
926	0.185556
927	0.185556
928	0.186556
929	0.186556
930	0.186556
931	0.187556
932	0.188556
933	0.189556
934	0.189556
935	0.189556
936	0.190556
937	0.191556
938	0.192556
939	0.193556
940	0.194556
941	0.194556
942	0.195556
943	0.195556
944	0.196556
945	0.196556
946	0.197556
947	0.198556
948	0.198556
949	0.199556
950	0.199556
951	0.199556
952	0.200556
953	0.201556
954	0.202556
955	0.202556
956	0.203556
957	0.204556
958	0.204556
959	0.204556
960	0.205556
961	0.205556
962	0.206556
963	0.206556
964	0.207556
965	0.208556
966	0.208556
967	0.208556
968	0.209556
969	0.209556
970	0.210556
971	0.211556
972	0.211556
973	0.212556
974	0.213556
975	0.214556
976	0.215556
977	0.216556
978	0.216556
979	0.217556
980	0.218556
981	0.219556
982	0.220556
983	0.220556
984	0.221556
985	0.222556
986	0.222556
987	0.222556
988	0.223556
989	0.224556
990	0.225556
991	0.226556
992	0.226556
993	0.226556
994	0.226556
995	0.226556
996	0.227556
997	0.228556
998	0.228556
999	0.229556
