0	0.00369112
1	0.00369112
2	0.00369112
3	0.00369112
4	0.00369112
5	0.00369112
6	0.00369112
7	0.00369112
8	0.00369112
9	0.00369112
10	0.00369112
11	0.00369112
12	0.00369112
13	0.00369112
14	0.00369112
15	0.00369112
16	0.00369112
17	0.00369112
18	0.00369112
19	0.00369112
20	0.00369112
21	0.00369112
22	0.00369112
23	0.00369112
24	0.00369112
25	0.00369112
26	0.00369112
27	0.00369112
28	0.00369112
29	0.00369112
30	0.00369112
31	0.00369112
32	0.00369112
33	0.00369112
34	0.00369112
35	0.00369112
36	0.00369112
37	0.00369112
38	0.00369112
39	0.00369112
40	0.00369112
41	0.00369112
42	0.00369112
43	0.00369112
44	0.00369112
45	0.00369112
46	0.00369112
47	0.00369112
48	0.00369112
49	0.00369112
50	0.00369112
51	0.00369112
52	0.00369112
53	0.00369112
54	0.00369112
55	0.00369112
56	0.00369112
57	0.00369112
58	0.00369112
59	0.00369112
60	0.00369112
61	0.00369112
62	0.00369112
63	0.00369112
64	0.00369112
65	0.00369112
66	0.00369112
67	0.00369112
68	0.00369112
69	0.00369112
70	0.00469112
71	0.00469112
72	0.00469112
73	0.00469112
74	0.00469112
75	0.00469112
76	0.00469112
77	0.00469112
78	0.00469112
79	0.00469112
80	0.00469112
81	0.00469112
82	0.00469112
83	0.00469112
84	0.00469112
85	0.00469112
86	0.00469112
87	0.00469112
88	0.00469112
89	0.00469112
90	0.00469112
91	0.00469112
92	0.00469112
93	0.00469112
94	0.00469112
95	0.00469112
96	0.00469112
97	0.00469112
98	0.00469112
99	0.00469112
100	0.00469112
101	0.00469112
102	0.00469112
103	0.00469112
104	0.00469112
105	0.00469112
106	0.00469112
107	0.00469112
108	0.00469112
109	0.00469112
110	0.00469112
111	0.00469112
112	0.00469112
113	0.00469112
114	0.00469112
115	0.00469112
116	0.00469112
117	0.00469112
118	0.00469112
119	0.00469112
120	0.00469112
121	0.00469112
122	0.00469112
123	0.00469112
124	0.00469112
125	0.00469112
126	0.00469112
127	0.00469112
128	0.00469112
129	0.00469112
130	0.00469112
131	0.00469112
132	0.00469112
133	0.00469112
134	0.00469112
135	0.00469112
136	0.00469112
137	0.00469112
138	0.00469112
139	0.00469112
140	0.00469112
141	0.00469112
142	0.00469112
143	0.00469112
144	0.00469112
145	0.00469112
146	0.00469112
147	0.00469112
148	0.00469112
149	0.00469112
150	0.00469112
151	0.00469112
152	0.00469112
153	0.00469112
154	0.00569112
155	0.00569112
156	0.00569112
157	0.00569112
158	0.00569112
159	0.00569112
160	0.00569112
161	0.00569112
162	0.00569112
163	0.00669112
164	0.00669112
165	0.00669112
166	0.00669112
167	0.00669112
168	0.00669112
169	0.00669112
170	0.00669112
171	0.00669112
172	0.00669112
173	0.00669112
174	0.00669112
175	0.00669112
176	0.00669112
177	0.00669112
178	0.00669112
179	0.00669112
180	0.00669112
181	0.00669112
182	0.00669112
183	0.00669112
184	0.00669112
185	0.00669112
186	0.00669112
187	0.00669112
188	0.00669112
189	0.00669112
190	0.00669112
191	0.00669112
192	0.00669112
193	0.00669112
194	0.00669112
195	0.00669112
196	0.00669112
197	0.00669112
198	0.00669112
199	0.00669112
200	0.00669112
201	0.00669112
202	0.00669112
203	0.00669112
204	0.00669112
205	0.00669112
206	0.00669112
207	0.00669112
208	0.00669112
209	0.00769112
210	0.00769112
211	0.00769112
212	0.00769112
213	0.00769112
214	0.00769112
215	0.00769112
216	0.00769112
217	0.00769112
218	0.00769112
219	0.00769112
220	0.00769112
221	0.00869112
222	0.00869112
223	0.00869112
224	0.00869112
225	0.00869112
226	0.00869112
227	0.00869112
228	0.00869112
229	0.00869112
230	0.00869112
231	0.00869112
232	0.00869112
233	0.00869112
234	0.00869112
235	0.00869112
236	0.00869112
237	0.00869112
238	0.00869112
239	0.00869112
240	0.00869112
241	0.00869112
242	0.00869112
243	0.00869112
244	0.00869112
245	0.00869112
246	0.00869112
247	0.00869112
248	0.00869112
249	0.00869112
250	0.00869112
251	0.00869112
252	0.00869112
253	0.00869112
254	0.00869112
255	0.00869112
256	0.00869112
257	0.00869112
258	0.00869112
259	0.00869112
260	0.00869112
261	0.00869112
262	0.00869112
263	0.00869112
264	0.00869112
265	0.00869112
266	0.00869112
267	0.00869112
268	0.00869112
269	0.00869112
270	0.00869112
271	0.00869112
272	0.00869112
273	0.00869112
274	0.00869112
275	0.00869112
276	0.00869112
277	0.00869112
278	0.00869112
279	0.00869112
280	0.00869112
281	0.00869112
282	0.00869112
283	0.00969112
284	0.00969112
285	0.00969112
286	0.00969112
287	0.00969112
288	0.00969112
289	0.00969112
290	0.00969112
291	0.00969112
292	0.00969112
293	0.00969112
294	0.00969112
295	0.00969112
296	0.00969112
297	0.00969112
298	0.00969112
299	0.00969112
300	0.0106911
301	0.0106911
302	0.0116911
303	0.0116911
304	0.0116911
305	0.0116911
306	0.0116911
307	0.0116911
308	0.0116911
309	0.0116911
310	0.0116911
311	0.0116911
312	0.0116911
313	0.0116911
314	0.0116911
315	0.0116911
316	0.0116911
317	0.0116911
318	0.0126911
319	0.0136911
320	0.0136911
321	0.0136911
322	0.0136911
323	0.0136911
324	0.0136911
325	0.0136911
326	0.0136911
327	0.0136911
328	0.0136911
329	0.0136911
330	0.0136911
331	0.0136911
332	0.0136911
333	0.0136911
334	0.0136911
335	0.0136911
336	0.0136911
337	0.0136911
338	0.0136911
339	0.0136911
340	0.0136911
341	0.0136911
342	0.0136911
343	0.0136911
344	0.0146911
345	0.0146911
346	0.0146911
347	0.0146911
348	0.0146911
349	0.0146911
350	0.0146911
351	0.0146911
352	0.0146911
353	0.0146911
354	0.0146911
355	0.0146911
356	0.0146911
357	0.0146911
358	0.0146911
359	0.0146911
360	0.0146911
361	0.0146911
362	0.0146911
363	0.0146911
364	0.0146911
365	0.0146911
366	0.0146911
367	0.0146911
368	0.0146911
369	0.0146911
370	0.0146911
371	0.0146911
372	0.0146911
373	0.0146911
374	0.0146911
375	0.0146911
376	0.0146911
377	0.0146911
378	0.0146911
379	0.0146911
380	0.0146911
381	0.0146911
382	0.0156911
383	0.0156911
384	0.0156911
385	0.0156911
386	0.0156911
387	0.0156911
388	0.0156911
389	0.0156911
390	0.0156911
391	0.0156911
392	0.0156911
393	0.0156911
394	0.0156911
395	0.0156911
396	0.0166911
397	0.0166911
398	0.0166911
399	0.0166911
400	0.0166911
401	0.0166911
402	0.0166911
403	0.0166911
404	0.0166911
405	0.0166911
406	0.0166911
407	0.0176911
408	0.0176911
409	0.0176911
410	0.0176911
411	0.0176911
412	0.0176911
413	0.0176911
414	0.0176911
415	0.0176911
416	0.0176911
417	0.0176911
418	0.0176911
419	0.0176911
420	0.0176911
421	0.0176911
422	0.0176911
423	0.0176911
424	0.0176911
425	0.0176911
426	0.0176911
427	0.0176911
428	0.0186911
429	0.0186911
430	0.0196911
431	0.0196911
432	0.0196911
433	0.0196911
434	0.0196911
435	0.0196911
436	0.0196911
437	0.0196911
438	0.0196911
439	0.0196911
440	0.0196911
441	0.0196911
442	0.0196911
443	0.0206911
444	0.0206911
445	0.0206911
446	0.0206911
447	0.0206911
448	0.0206911
449	0.0206911
450	0.0206911
451	0.0216911
452	0.0226911
453	0.0236911
454	0.0236911
455	0.0246911
456	0.0246911
457	0.0246911
458	0.0246911
459	0.0246911
460	0.0246911
461	0.0246911
462	0.0246911
463	0.0246911
464	0.0256911
465	0.0256911
466	0.0256911
467	0.0256911
468	0.0256911
469	0.0256911
470	0.0256911
471	0.0256911
472	0.0256911
473	0.0256911
474	0.0256911
475	0.0256911
476	0.0256911
477	0.0266911
478	0.0266911
479	0.0266911
480	0.0266911
481	0.0276911
482	0.0286911
483	0.0286911
484	0.0286911
485	0.0286911
486	0.0296911
487	0.0296911
488	0.0296911
489	0.0296911
490	0.0296911
491	0.0296911
492	0.0296911
493	0.0296911
494	0.0296911
495	0.0306911
496	0.0316911
497	0.0316911
498	0.0316911
499	0.0316911
500	0.0316911
501	0.0316911
502	0.0316911
503	0.0316911
504	0.0316911
505	0.0316911
506	0.0316911
507	0.0326911
508	0.0336911
509	0.0336911
510	0.0336911
511	0.0336911
512	0.0336911
513	0.0336911
514	0.0336911
515	0.0336911
516	0.0336911
517	0.0336911
518	0.0346911
519	0.0346911
520	0.0346911
521	0.0346911
522	0.0356911
523	0.0356911
524	0.0356911
525	0.0356911
526	0.0356911
527	0.0366911
528	0.0366911
529	0.0366911
530	0.0366911
531	0.0366911
532	0.0366911
533	0.0366911
534	0.0366911
535	0.0366911
536	0.0366911
537	0.0366911
538	0.0366911
539	0.0366911
540	0.0376911
541	0.0376911
542	0.0376911
543	0.0386911
544	0.0386911
545	0.0396911
546	0.0396911
547	0.0396911
548	0.0396911
549	0.0396911
550	0.0396911
551	0.0396911
552	0.0396911
553	0.0396911
554	0.0396911
555	0.0396911
556	0.0396911
557	0.0396911
558	0.0396911
559	0.0396911
560	0.0406911
561	0.0406911
562	0.0406911
563	0.0406911
564	0.0406911
565	0.0406911
566	0.0406911
567	0.0406911
568	0.0406911
569	0.0406911
570	0.0406911
571	0.0406911
572	0.0416911
573	0.0416911
574	0.0416911
575	0.0426911
576	0.0436911
577	0.0436911
578	0.0436911
579	0.0436911
580	0.0436911
581	0.0436911
582	0.0446911
583	0.0446911
584	0.0446911
585	0.0446911
586	0.0446911
587	0.0446911
588	0.0446911
589	0.0446911
590	0.0446911
591	0.0446911
592	0.0446911
593	0.0446911
594	0.0446911
595	0.0456911
596	0.0456911
597	0.0456911
598	0.0456911
599	0.0456911
600	0.0456911
601	0.0466911
602	0.0466911
603	0.0466911
604	0.0466911
605	0.0466911
606	0.0466911
607	0.0466911
608	0.0466911
609	0.0466911
610	0.0466911
611	0.0466911
612	0.0466911
613	0.0466911
614	0.0466911
615	0.0466911
616	0.0466911
617	0.0466911
618	0.0476911
619	0.0476911
620	0.0476911
621	0.0486911
622	0.0486911
623	0.0486911
624	0.0486911
625	0.0486911
626	0.0486911
627	0.0486911
628	0.0486911
629	0.0486911
630	0.0486911
631	0.0496911
632	0.0496911
633	0.0496911
634	0.0506911
635	0.0506911
636	0.0516911
637	0.0516911
638	0.0516911
639	0.0516911
640	0.0516911
641	0.0516911
642	0.0516911
643	0.0516911
644	0.0526911
645	0.0526911
646	0.0536911
647	0.0536911
648	0.0536911
649	0.0546911
650	0.0546911
651	0.0546911
652	0.0546911
653	0.0546911
654	0.0546911
655	0.0556911
656	0.0556911
657	0.0556911
658	0.0566911
659	0.0566911
660	0.0566911
661	0.0576911
662	0.0576911
663	0.0576911
664	0.0576911
665	0.0586911
666	0.0586911
667	0.0586911
668	0.0586911
669	0.0596911
670	0.0596911
671	0.0596911
672	0.0596911
673	0.0596911
674	0.0596911
675	0.0596911
676	0.0596911
677	0.0596911
678	0.0606911
679	0.0606911
680	0.0616911
681	0.0616911
682	0.0616911
683	0.0616911
684	0.0626911
685	0.0626911
686	0.0636911
687	0.0646911
688	0.0646911
689	0.0646911
690	0.0646911
691	0.0646911
692	0.0656911
693	0.0656911
694	0.0666911
695	0.0676911
696	0.0686911
697	0.0686911
698	0.0686911
699	0.0696911
700	0.0696911
701	0.0696911
702	0.0696911
703	0.0696911
704	0.0706911
705	0.0716911
706	0.0726911
707	0.0736911
708	0.0736911
709	0.0736911
710	0.0746911
711	0.0756911
712	0.0756911
713	0.0756911
714	0.0756911
715	0.0756911
716	0.0756911
717	0.0756911
718	0.0756911
719	0.0756911
720	0.0756911
721	0.0756911
722	0.0756911
723	0.0756911
724	0.0766911
725	0.0766911
726	0.0766911
727	0.0766911
728	0.0766911
729	0.0766911
730	0.0776911
731	0.0776911
732	0.0776911
733	0.0786911
734	0.0786911
735	0.0796911
736	0.0796911
737	0.0796911
738	0.0806911
739	0.0816911
740	0.0816911
741	0.0816911
742	0.0816911
743	0.0816911
744	0.0816911
745	0.0816911
746	0.0816911
747	0.0826911
748	0.0836911
749	0.0836911
750	0.0836911
751	0.0836911
752	0.0836911
753	0.0836911
754	0.0836911
755	0.0836911
756	0.0836911
757	0.0836911
758	0.0846911
759	0.0846911
760	0.0856911
761	0.0856911
762	0.0856911
763	0.0856911
764	0.0856911
765	0.0866911
766	0.0876911
767	0.0886911
768	0.0886911
769	0.0886911
770	0.0886911
771	0.0896911
772	0.0896911
773	0.0906911
774	0.0906911
775	0.0916911
776	0.0916911
777	0.0926911
778	0.0926911
779	0.0936911
780	0.0936911
781	0.0936911
782	0.0936911
783	0.0946911
784	0.0946911
785	0.0946911
786	0.0956911
787	0.0956911
788	0.0956911
789	0.0966911
790	0.0976911
791	0.0976911
792	0.0976911
793	0.0986911
794	0.0986911
795	0.0986911
796	0.0986911
797	0.0986911
798	0.0986911
799	0.0986911
800	0.0996911
801	0.0996911
802	0.0996911
803	0.100691
804	0.101691
805	0.101691
806	0.102691
807	0.102691
808	0.102691
809	0.102691
810	0.102691
811	0.102691
812	0.102691
813	0.103691
814	0.104691
815	0.105691
816	0.105691
817	0.105691
818	0.105691
819	0.105691
820	0.105691
821	0.106691
822	0.107691
823	0.107691
824	0.108691
825	0.108691
826	0.108691
827	0.109691
828	0.110691
829	0.110691
830	0.110691
831	0.110691
832	0.110691
833	0.110691
834	0.111691
835	0.112691
836	0.113691
837	0.114691
838	0.115691
839	0.116691
840	0.117691
841	0.118691
842	0.118691
843	0.119691
844	0.119691
845	0.119691
846	0.119691
847	0.119691
848	0.119691
849	0.119691
850	0.119691
851	0.119691
852	0.119691
853	0.120691
854	0.120691
855	0.121691
856	0.122691
857	0.122691
858	0.123691
859	0.123691
860	0.124691
861	0.124691
862	0.124691
863	0.125691
864	0.126691
865	0.127691
866	0.127691
867	0.127691
868	0.127691
869	0.128691
870	0.129691
871	0.130691
872	0.131691
873	0.131691
874	0.132691
875	0.132691
876	0.132691
877	0.132691
878	0.132691
879	0.132691
880	0.133691
881	0.133691
882	0.133691
883	0.133691
884	0.134691
885	0.135691
886	0.136691
887	0.137691
888	0.138691
889	0.138691
890	0.139691
891	0.140691
892	0.140691
893	0.141691
894	0.142691
895	0.143691
896	0.143691
897	0.144691
898	0.145691
899	0.146691
900	0.146691
901	0.147691
902	0.147691
903	0.148691
904	0.149691
905	0.150691
906	0.150691
907	0.150691
908	0.151691
909	0.152691
910	0.152691
911	0.152691
912	0.153691
913	0.153691
914	0.154691
915	0.155691
916	0.156691
917	0.157691
918	0.158691
919	0.159691
920	0.159691
921	0.159691
922	0.159691
923	0.160691
924	0.160691
925	0.161691
926	0.161691
927	0.161691
928	0.162691
929	0.163691
930	0.163691
931	0.164691
932	0.165691
933	0.165691
934	0.165691
935	0.166691
936	0.166691
937	0.166691
938	0.166691
939	0.166691
940	0.166691
941	0.166691
942	0.166691
943	0.167691
944	0.167691
945	0.167691
946	0.167691
947	0.168691
948	0.169691
949	0.170691
950	0.170691
951	0.171691
952	0.172691
953	0.173691
954	0.173691
955	0.173691
956	0.173691
957	0.174691
958	0.175691
959	0.176691
960	0.177691
961	0.177691
962	0.177691
963	0.177691
964	0.178691
965	0.179691
966	0.180691
967	0.181691
968	0.182691
969	0.182691
970	0.182691
971	0.183691
972	0.184691
973	0.184691
974	0.185691
975	0.186691
976	0.186691
977	0.186691
978	0.187691
979	0.187691
980	0.188691
981	0.189691
982	0.190691
983	0.191691
984	0.191691
985	0.192691
986	0.193691
987	0.193691
988	0.194691
989	0.194691
990	0.194691
991	0.195691
992	0.195691
993	0.196691
994	0.197691
995	0.197691
996	0.198691
997	0.199691
998	0.200691
999	0.201691
