0	0.00554251
1	0.00554251
2	0.00554251
3	0.00554251
4	0.00554251
5	0.00554251
6	0.00554251
7	0.00554251
8	0.00554251
9	0.00554251
10	0.00554251
11	0.00554251
12	0.00554251
13	0.00554251
14	0.00554251
15	0.00554251
16	0.00554251
17	0.00554251
18	0.00554251
19	0.00554251
20	0.00654251
21	0.00654251
22	0.00654251
23	0.00654251
24	0.00654251
25	0.00654251
26	0.00654251
27	0.00654251
28	0.00754251
29	0.00754251
30	0.00754251
31	0.00754251
32	0.00754251
33	0.00754251
34	0.00754251
35	0.00754251
36	0.00754251
37	0.00754251
38	0.00754251
39	0.00754251
40	0.00754251
41	0.00754251
42	0.00754251
43	0.00754251
44	0.00754251
45	0.00754251
46	0.00754251
47	0.00754251
48	0.00754251
49	0.00754251
50	0.00754251
51	0.00754251
52	0.00754251
53	0.00754251
54	0.00754251
55	0.00754251
56	0.00754251
57	0.00754251
58	0.00754251
59	0.00754251
60	0.00754251
61	0.00754251
62	0.00754251
63	0.00754251
64	0.00754251
65	0.00754251
66	0.00754251
67	0.00754251
68	0.00754251
69	0.00754251
70	0.00754251
71	0.00754251
72	0.00754251
73	0.00754251
74	0.00754251
75	0.00754251
76	0.00754251
77	0.00754251
78	0.00754251
79	0.00754251
80	0.00754251
81	0.00754251
82	0.00754251
83	0.00754251
84	0.00754251
85	0.00754251
86	0.00754251
87	0.00754251
88	0.00754251
89	0.00854251
90	0.00854251
91	0.00854251
92	0.00854251
93	0.00954251
94	0.00954251
95	0.00954251
96	0.00954251
97	0.00954251
98	0.00954251
99	0.00954251
100	0.00954251
101	0.00954251
102	0.00954251
103	0.00954251
104	0.00954251
105	0.00954251
106	0.00954251
107	0.00954251
108	0.00954251
109	0.00954251
110	0.00954251
111	0.00954251
112	0.00954251
113	0.00954251
114	0.00954251
115	0.00954251
116	0.00954251
117	0.00954251
118	0.00954251
119	0.00954251
120	0.00954251
121	0.0105425
122	0.0105425
123	0.0105425
124	0.0105425
125	0.0105425
126	0.0105425
127	0.0105425
128	0.0105425
129	0.0105425
130	0.0105425
131	0.0105425
132	0.0105425
133	0.0105425
134	0.0105425
135	0.0105425
136	0.0105425
137	0.0105425
138	0.0105425
139	0.0105425
140	0.0105425
141	0.0105425
142	0.0105425
143	0.0105425
144	0.0105425
145	0.0105425
146	0.0105425
147	0.0105425
148	0.0105425
149	0.0105425
150	0.0105425
151	0.0105425
152	0.0105425
153	0.0105425
154	0.0105425
155	0.0105425
156	0.0105425
157	0.0105425
158	0.0105425
159	0.0105425
160	0.0105425
161	0.0105425
162	0.0115425
163	0.0115425
164	0.0115425
165	0.0115425
166	0.0115425
167	0.0115425
168	0.0115425
169	0.0115425
170	0.0115425
171	0.0115425
172	0.0115425
173	0.0115425
174	0.0115425
175	0.0115425
176	0.0115425
177	0.0115425
178	0.0115425
179	0.0115425
180	0.0115425
181	0.0115425
182	0.0115425
183	0.0115425
184	0.0125425
185	0.0125425
186	0.0125425
187	0.0125425
188	0.0125425
189	0.0125425
190	0.0125425
191	0.0125425
192	0.0125425
193	0.0125425
194	0.0125425
195	0.0125425
196	0.0125425
197	0.0125425
198	0.0125425
199	0.0125425
200	0.0125425
201	0.0125425
202	0.0135425
203	0.0135425
204	0.0135425
205	0.0135425
206	0.0135425
207	0.0135425
208	0.0135425
209	0.0135425
210	0.0135425
211	0.0135425
212	0.0135425
213	0.0135425
214	0.0135425
215	0.0135425
216	0.0135425
217	0.0135425
218	0.0135425
219	0.0135425
220	0.0135425
221	0.0135425
222	0.0135425
223	0.0135425
224	0.0135425
225	0.0135425
226	0.0135425
227	0.0135425
228	0.0135425
229	0.0135425
230	0.0135425
231	0.0135425
232	0.0135425
233	0.0135425
234	0.0135425
235	0.0135425
236	0.0135425
237	0.0145425
238	0.0145425
239	0.0145425
240	0.0145425
241	0.0145425
242	0.0145425
243	0.0145425
244	0.0145425
245	0.0145425
246	0.0145425
247	0.0145425
248	0.0145425
249	0.0145425
250	0.0145425
251	0.0145425
252	0.0145425
253	0.0145425
254	0.0145425
255	0.0155425
256	0.0155425
257	0.0155425
258	0.0155425
259	0.0155425
260	0.0155425
261	0.0155425
262	0.0155425
263	0.0155425
264	0.0155425
265	0.0155425
266	0.0155425
267	0.0155425
268	0.0155425
269	0.0155425
270	0.0155425
271	0.0155425
272	0.0155425
273	0.0155425
274	0.0165425
275	0.0165425
276	0.0165425
277	0.0175425
278	0.0175425
279	0.0175425
280	0.0175425
281	0.0175425
282	0.0175425
283	0.0175425
284	0.0175425
285	0.0175425
286	0.0175425
287	0.0175425
288	0.0175425
289	0.0175425
290	0.0175425
291	0.0175425
292	0.0175425
293	0.0175425
294	0.0175425
295	0.0175425
296	0.0175425
297	0.0175425
298	0.0185425
299	0.0185425
300	0.0185425
301	0.0185425
302	0.0185425
303	0.0185425
304	0.0185425
305	0.0185425
306	0.0185425
307	0.0185425
308	0.0185425
309	0.0185425
310	0.0185425
311	0.0185425
312	0.0185425
313	0.0185425
314	0.0195425
315	0.0195425
316	0.0195425
317	0.0195425
318	0.0195425
319	0.0195425
320	0.0195425
321	0.0195425
322	0.0195425
323	0.0195425
324	0.0195425
325	0.0195425
326	0.0195425
327	0.0205425
328	0.0205425
329	0.0205425
330	0.0205425
331	0.0205425
332	0.0205425
333	0.0205425
334	0.0205425
335	0.0205425
336	0.0205425
337	0.0205425
338	0.0205425
339	0.0205425
340	0.0205425
341	0.0205425
342	0.0205425
343	0.0205425
344	0.0205425
345	0.0215425
346	0.0215425
347	0.0215425
348	0.0215425
349	0.0215425
350	0.0215425
351	0.0215425
352	0.0215425
353	0.0215425
354	0.0215425
355	0.0215425
356	0.0215425
357	0.0215425
358	0.0215425
359	0.0215425
360	0.0215425
361	0.0215425
362	0.0215425
363	0.0215425
364	0.0215425
365	0.0215425
366	0.0215425
367	0.0215425
368	0.0215425
369	0.0215425
370	0.0215425
371	0.0215425
372	0.0215425
373	0.0215425
374	0.0215425
375	0.0215425
376	0.0215425
377	0.0215425
378	0.0225425
379	0.0225425
380	0.0225425
381	0.0225425
382	0.0225425
383	0.0225425
384	0.0225425
385	0.0225425
386	0.0225425
387	0.0225425
388	0.0235425
389	0.0235425
390	0.0235425
391	0.0235425
392	0.0235425
393	0.0235425
394	0.0235425
395	0.0235425
396	0.0235425
397	0.0235425
398	0.0235425
399	0.0245425
400	0.0245425
401	0.0245425
402	0.0245425
403	0.0245425
404	0.0245425
405	0.0245425
406	0.0245425
407	0.0245425
408	0.0245425
409	0.0245425
410	0.0245425
411	0.0245425
412	0.0245425
413	0.0245425
414	0.0245425
415	0.0245425
416	0.0245425
417	0.0245425
418	0.0245425
419	0.0245425
420	0.0245425
421	0.0245425
422	0.0245425
423	0.0245425
424	0.0245425
425	0.0245425
426	0.0245425
427	0.0245425
428	0.0245425
429	0.0245425
430	0.0245425
431	0.0245425
432	0.0245425
433	0.0245425
434	0.0245425
435	0.0245425
436	0.0245425
437	0.0245425
438	0.0255425
439	0.0255425
440	0.0265425
441	0.0265425
442	0.0265425
443	0.0265425
444	0.0265425
445	0.0265425
446	0.0265425
447	0.0265425
448	0.0275425
449	0.0275425
450	0.0275425
451	0.0275425
452	0.0275425
453	0.0275425
454	0.0285425
455	0.0285425
456	0.0285425
457	0.0285425
458	0.0285425
459	0.0295425
460	0.0295425
461	0.0295425
462	0.0295425
463	0.0295425
464	0.0295425
465	0.0295425
466	0.0295425
467	0.0295425
468	0.0295425
469	0.0305425
470	0.0305425
471	0.0305425
472	0.0305425
473	0.0305425
474	0.0305425
475	0.0305425
476	0.0305425
477	0.0305425
478	0.0305425
479	0.0305425
480	0.0305425
481	0.0305425
482	0.0305425
483	0.0315425
484	0.0315425
485	0.0315425
486	0.0315425
487	0.0315425
488	0.0325425
489	0.0325425
490	0.0325425
491	0.0325425
492	0.0335425
493	0.0345425
494	0.0345425
495	0.0345425
496	0.0345425
497	0.0345425
498	0.0345425
499	0.0345425
500	0.0345425
501	0.0355425
502	0.0355425
503	0.0355425
504	0.0355425
505	0.0355425
506	0.0355425
507	0.0365425
508	0.0375425
509	0.0375425
510	0.0375425
511	0.0375425
512	0.0375425
513	0.0375425
514	0.0375425
515	0.0375425
516	0.0375425
517	0.0375425
518	0.0385425
519	0.0385425
520	0.0385425
521	0.0385425
522	0.0385425
523	0.0395425
524	0.0395425
525	0.0395425
526	0.0395425
527	0.0395425
528	0.0395425
529	0.0395425
530	0.0395425
531	0.0405425
532	0.0405425
533	0.0405425
534	0.0405425
535	0.0405425
536	0.0405425
537	0.0405425
538	0.0405425
539	0.0405425
540	0.0415425
541	0.0415425
542	0.0415425
543	0.0415425
544	0.0425425
545	0.0435425
546	0.0435425
547	0.0435425
548	0.0435425
549	0.0435425
550	0.0435425
551	0.0435425
552	0.0435425
553	0.0435425
554	0.0435425
555	0.0445425
556	0.0445425
557	0.0445425
558	0.0445425
559	0.0445425
560	0.0455425
561	0.0455425
562	0.0455425
563	0.0455425
564	0.0455425
565	0.0455425
566	0.0455425
567	0.0455425
568	0.0465425
569	0.0465425
570	0.0465425
571	0.0475425
572	0.0475425
573	0.0475425
574	0.0475425
575	0.0485425
576	0.0485425
577	0.0485425
578	0.0485425
579	0.0485425
580	0.0485425
581	0.0495425
582	0.0495425
583	0.0495425
584	0.0495425
585	0.0505425
586	0.0515425
587	0.0515425
588	0.0525425
589	0.0525425
590	0.0525425
591	0.0525425
592	0.0525425
593	0.0525425
594	0.0535425
595	0.0535425
596	0.0535425
597	0.0535425
598	0.0535425
599	0.0535425
600	0.0535425
601	0.0535425
602	0.0535425
603	0.0535425
604	0.0535425
605	0.0535425
606	0.0535425
607	0.0535425
608	0.0535425
609	0.0535425
610	0.0535425
611	0.0535425
612	0.0535425
613	0.0535425
614	0.0545425
615	0.0555425
616	0.0565425
617	0.0575425
618	0.0575425
619	0.0575425
620	0.0585425
621	0.0585425
622	0.0585425
623	0.0585425
624	0.0585425
625	0.0585425
626	0.0595425
627	0.0605425
628	0.0615425
629	0.0615425
630	0.0615425
631	0.0615425
632	0.0615425
633	0.0615425
634	0.0615425
635	0.0615425
636	0.0615425
637	0.0615425
638	0.0615425
639	0.0615425
640	0.0625425
641	0.0625425
642	0.0635425
643	0.0635425
644	0.0645425
645	0.0645425
646	0.0645425
647	0.0645425
648	0.0645425
649	0.0645425
650	0.0645425
651	0.0645425
652	0.0645425
653	0.0645425
654	0.0645425
655	0.0645425
656	0.0645425
657	0.0645425
658	0.0645425
659	0.0655425
660	0.0665425
661	0.0665425
662	0.0665425
663	0.0665425
664	0.0675425
665	0.0675425
666	0.0675425
667	0.0675425
668	0.0685425
669	0.0685425
670	0.0685425
671	0.0695425
672	0.0695425
673	0.0695425
674	0.0705425
675	0.0705425
676	0.0715425
677	0.0715425
678	0.0715425
679	0.0715425
680	0.0715425
681	0.0715425
682	0.0725425
683	0.0725425
684	0.0735425
685	0.0735425
686	0.0745425
687	0.0745425
688	0.0745425
689	0.0755425
690	0.0755425
691	0.0755425
692	0.0755425
693	0.0755425
694	0.0765425
695	0.0765425
696	0.0775425
697	0.0785425
698	0.0795425
699	0.0805425
700	0.0805425
701	0.0805425
702	0.0805425
703	0.0805425
704	0.0815425
705	0.0815425
706	0.0825425
707	0.0835425
708	0.0835425
709	0.0835425
710	0.0835425
711	0.0835425
712	0.0835425
713	0.0845425
714	0.0845425
715	0.0845425
716	0.0855425
717	0.0855425
718	0.0865425
719	0.0875425
720	0.0885425
721	0.0885425
722	0.0885425
723	0.0885425
724	0.0885425
725	0.0885425
726	0.0895425
727	0.0905425
728	0.0905425
729	0.0915425
730	0.0915425
731	0.0925425
732	0.0935425
733	0.0945425
734	0.0945425
735	0.0955425
736	0.0955425
737	0.0955425
738	0.0965425
739	0.0965425
740	0.0975425
741	0.0985425
742	0.0985425
743	0.0985425
744	0.0985425
745	0.0985425
746	0.0985425
747	0.0985425
748	0.0985425
749	0.0995425
750	0.100543
751	0.101543
752	0.101543
753	0.101543
754	0.101543
755	0.101543
756	0.102543
757	0.102543
758	0.102543
759	0.103543
760	0.103543
761	0.103543
762	0.103543
763	0.103543
764	0.103543
765	0.103543
766	0.104543
767	0.105543
768	0.105543
769	0.106543
770	0.106543
771	0.106543
772	0.107543
773	0.107543
774	0.108543
775	0.109543
776	0.110543
777	0.111543
778	0.112543
779	0.113543
780	0.114543
781	0.114543
782	0.114543
783	0.114543
784	0.115543
785	0.116543
786	0.116543
787	0.116543
788	0.116543
789	0.117543
790	0.117543
791	0.118543
792	0.118543
793	0.119543
794	0.119543
795	0.119543
796	0.120543
797	0.120543
798	0.120543
799	0.120543
800	0.120543
801	0.120543
802	0.121543
803	0.121543
804	0.121543
805	0.121543
806	0.121543
807	0.122543
808	0.122543
809	0.122543
810	0.122543
811	0.123543
812	0.124543
813	0.125543
814	0.126543
815	0.126543
816	0.127543
817	0.127543
818	0.127543
819	0.128543
820	0.128543
821	0.129543
822	0.130543
823	0.130543
824	0.130543
825	0.131543
826	0.131543
827	0.131543
828	0.131543
829	0.131543
830	0.132543
831	0.132543
832	0.132543
833	0.133543
834	0.134543
835	0.135543
836	0.136543
837	0.137543
838	0.138543
839	0.139543
840	0.139543
841	0.139543
842	0.140543
843	0.140543
844	0.140543
845	0.140543
846	0.141543
847	0.142543
848	0.143543
849	0.144543
850	0.144543
851	0.144543
852	0.145543
853	0.145543
854	0.146543
855	0.147543
856	0.147543
857	0.147543
858	0.147543
859	0.148543
860	0.149543
861	0.149543
862	0.149543
863	0.149543
864	0.149543
865	0.149543
866	0.149543
867	0.150543
868	0.150543
869	0.151543
870	0.152543
871	0.152543
872	0.152543
873	0.153543
874	0.154543
875	0.154543
876	0.155543
877	0.156543
878	0.156543
879	0.156543
880	0.156543
881	0.157543
882	0.158543
883	0.159543
884	0.159543
885	0.160543
886	0.160543
887	0.160543
888	0.160543
889	0.161543
890	0.162543
891	0.163543
892	0.164543
893	0.165543
894	0.165543
895	0.165543
896	0.165543
897	0.165543
898	0.166543
899	0.166543
900	0.167543
901	0.168543
902	0.168543
903	0.169543
904	0.169543
905	0.170543
906	0.171543
907	0.172543
908	0.172543
909	0.172543
910	0.173543
911	0.173543
912	0.173543
913	0.174543
914	0.174543
915	0.175543
916	0.176543
917	0.177543
918	0.178543
919	0.179543
920	0.179543
921	0.179543
922	0.180543
923	0.180543
924	0.180543
925	0.180543
926	0.181543
927	0.182543
928	0.183543
929	0.183543
930	0.184543
931	0.184543
932	0.185543
933	0.185543
934	0.186543
935	0.186543
936	0.186543
937	0.187543
938	0.188543
939	0.188543
940	0.189543
941	0.190543
942	0.191543
943	0.191543
944	0.191543
945	0.192543
946	0.193543
947	0.194543
948	0.195543
949	0.196543
950	0.196543
951	0.196543
952	0.196543
953	0.196543
954	0.197543
955	0.198543
956	0.199543
957	0.200543
958	0.201543
959	0.202543
960	0.203543
961	0.203543
962	0.204543
963	0.204543
964	0.205543
965	0.206543
966	0.206543
967	0.206543
968	0.207543
969	0.208543
970	0.208543
971	0.208543
972	0.209543
973	0.210543
974	0.210543
975	0.211543
976	0.212543
977	0.212543
978	0.213543
979	0.214543
980	0.215543
981	0.216543
982	0.217543
983	0.218543
984	0.219543
985	0.219543
986	0.220543
987	0.221543
988	0.222543
989	0.222543
990	0.222543
991	0.222543
992	0.223543
993	0.223543
994	0.223543
995	0.224543
996	0.224543
997	0.225543
998	0.225543
999	0.225543
