Time step	Healthy	Infected
0	991	9
1	990	10
2	989	11
3	988	12
4	987	13
5	986	14
6	985	15
7	984	16
8	983	17
9	982	18
10	981	19
11	980	20
12	979	21
13	978	22
14	977	23
15	976	24
16	975	25
17	974	26
18	973	27
19	972	28
20	971	29
21	970	30
22	969	31
23	968	32
24	967	33
25	966	34
26	965	35
27	964	36
28	963	37
29	962	38
30	961	39
31	960	40
32	959	41
33	958	42
34	957	43
35	956	44
36	955	45
37	954	46
38	953	47
39	952	48
40	951	49
41	950	50
42	949	51
43	948	52
44	947	53
45	946	54
46	945	55
47	944	56
48	943	57
49	942	58
50	941	59
51	940	60
52	939	61
53	938	62
54	937	63
55	936	64
56	935	65
57	934	66
58	933	67
59	932	68
60	931	69
61	930	70
62	929	71
63	928	72
64	927	73
65	926	74
66	925	75
67	924	76
68	923	77
69	922	78
70	921	79
71	920	80
72	919	81
73	918	82
74	917	83
75	916	84
76	915	85
77	914	86
78	913	87
79	912	88
80	911	89
81	910	90
82	909	91
83	908	92
84	907	93
85	906	94
86	905	95
87	904	96
88	903	97
89	902	98
90	901	99
91	900	100
92	899	101
93	898	102
94	897	103
95	896	104
96	895	105
97	894	106
98	893	107
99	892	108
100	891	109
101	890	110
102	889	111
103	888	112
104	887	113
105	886	114
106	885	115
107	884	116
108	883	117
109	882	118
110	881	119
111	880	120
112	879	121
113	878	122
114	877	123
115	876	124
116	875	125
117	874	126
118	873	127
119	872	128
120	871	129
121	870	130
122	869	131
123	868	132
124	867	133
125	866	134
126	865	135
127	864	136
128	863	137
129	862	138
130	861	139
131	860	140
132	859	141
133	858	142
134	857	143
135	856	144
136	855	145
137	854	146
138	853	147
139	852	148
140	851	149
141	850	150
142	849	151
143	848	152
144	847	153
145	846	154
146	845	155
147	844	156
148	843	157
149	842	158
150	841	159
151	840	160
152	839	161
153	838	162
154	837	163
155	836	164
156	835	165
157	834	166
158	833	167
159	832	168
160	831	169
161	830	170
162	829	171
163	828	172
164	827	173
165	826	174
166	825	175
167	824	176
168	823	177
169	822	178
170	821	179
171	820	180
172	819	181
173	818	182
174	817	183
175	816	184
176	815	185
177	814	186
178	813	187
179	812	188
180	811	189
181	810	190
182	809	191
183	808	192
184	807	193
185	806	194
186	805	195
187	804	196
188	803	197
189	802	198
190	801	199
191	800	200
192	799	201
193	798	202
194	797	203
195	796	204
196	795	205
197	794	206
198	793	207
199	792	208
200	791	209
201	790	210
202	789	211
203	788	212
204	787	213
205	786	214
206	785	215
207	784	216
208	783	217
209	782	218
210	781	219
211	780	220
212	779	221
213	778	222
214	777	223
215	776	224
216	775	225
217	774	226
218	773	227
219	772	228
220	771	229
221	770	230
222	769	231
223	768	232
224	767	233
225	766	234
226	765	235
227	764	236
228	763	237
229	762	238
230	761	239
231	760	240
232	759	241
233	758	242
234	757	243
235	756	244
236	755	245
237	754	246
238	753	247
239	752	248
240	751	249
241	750	250
242	749	251
243	748	252
244	747	253
245	746	254
246	745	255
247	744	256
248	743	257
249	742	258
250	741	259
251	740	260
252	739	261
253	738	262
254	737	263
255	736	264
256	735	265
257	734	266
258	733	267
259	732	268
260	731	269
261	730	270
262	729	271
263	728	272
264	727	273
265	726	274
266	725	275
267	724	276
268	723	277
269	722	278
270	721	279
271	720	280
272	719	281
273	718	282
274	717	283
275	716	284
276	715	285
277	714	286
278	713	287
279	712	288
280	711	289
281	710	290
282	709	291
283	708	292
284	707	293
285	706	294
286	705	295
287	704	296
288	703	297
289	702	298
290	701	299
291	700	300
292	699	301
293	698	302
294	697	303
295	696	304
296	695	305
297	694	306
298	693	307
299	692	308
300	691	309
301	690	310
302	689	311
303	688	312
304	687	313
305	686	314
306	685	315
307	684	316
308	683	317
309	682	318
310	681	319
311	680	320
312	679	321
313	678	322
314	677	323
315	676	324
316	675	325
317	674	326
318	673	327
319	672	328
320	671	329
321	670	330
322	669	331
323	668	332
324	667	333
325	666	334
326	665	335
327	664	336
328	663	337
329	662	338
330	661	339
331	660	340
332	659	341
333	658	342
334	657	343
335	656	344
336	655	345
337	654	346
338	653	347
339	652	348
340	651	349
341	650	350
342	649	351
343	648	352
344	647	353
345	646	354
346	645	355
347	644	356
348	643	357
349	642	358
350	641	359
351	640	360
352	639	361
353	638	362
354	637	363
355	636	364
356	635	365
357	634	366
358	633	367
359	632	368
360	631	369
361	630	370
362	629	371
363	628	372
364	627	373
365	626	374
366	625	375
367	624	376
368	623	377
369	622	378
370	621	379
371	620	380
372	619	381
373	618	382
374	617	383
375	616	384
376	615	385
377	614	386
378	613	387
379	612	388
380	611	389
381	610	390
382	609	391
383	608	392
384	607	393
385	606	394
386	605	395
387	604	396
388	603	397
389	602	398
390	601	399
391	600	400
392	599	401
393	598	402
394	597	403
395	596	404
396	595	405
397	594	406
398	593	407
399	592	408
400	591	409
401	590	410
402	589	411
403	588	412
404	587	413
405	586	414
406	585	415
407	584	416
408	583	417
409	582	418
410	581	419
411	580	420
412	579	421
413	578	422
414	577	423
415	576	424
416	575	425
417	574	426
418	573	427
419	572	428
420	571	429
421	570	430
422	569	431
423	568	432
424	567	433
425	566	434
426	565	435
427	564	436
428	563	437
429	562	438
430	561	439
431	560	440
432	559	441
433	558	442
434	557	443
435	556	444
436	555	445
437	554	446
438	553	447
439	552	448
440	551	449
441	550	450
442	549	451
443	548	452
444	547	453
445	546	454
446	545	455
447	544	456
448	543	457
449	542	458
450	541	459
451	540	460
452	539	461
453	538	462
454	537	463
455	536	464
456	535	465
457	534	466
458	533	467
459	532	468
460	531	469
461	530	470
462	529	471
463	528	472
464	527	473
465	526	474
466	525	475
467	524	476
468	523	477
469	522	478
470	521	479
471	520	480
472	519	481
473	518	482
474	517	483
475	516	484
476	515	485
477	514	486
478	513	487
479	512	488
480	511	489
481	510	490
482	509	491
483	508	492
484	507	493
485	506	494
486	505	495
487	504	496
488	503	497
489	502	498
490	501	499
491	500	500
492	499	501
493	498	502
494	497	503
495	496	504
496	495	505
497	494	506
498	493	507
499	492	508
500	491	509
501	490	510
502	489	511
503	488	512
504	487	513
505	486	514
506	485	515
507	484	516
508	483	517
509	482	518
510	481	519
511	480	520
512	479	521
513	478	522
514	477	523
515	476	524
516	475	525
517	474	526
518	473	527
519	472	528
520	471	529
521	470	530
522	469	531
523	468	532
524	467	533
525	466	534
526	465	535
527	464	536
528	463	537
529	462	538
530	461	539
531	460	540
532	459	541
533	458	542
534	457	543
535	456	544
536	455	545
537	454	546
538	453	547
539	452	548
540	451	549
541	450	550
542	449	551
543	448	552
544	447	553
545	446	554
546	445	555
547	444	556
548	443	557
549	442	558
550	441	559
551	440	560
552	439	561
553	438	562
554	437	563
555	436	564
556	435	565
557	434	566
558	433	567
559	432	568
560	431	569
561	430	570
562	429	571
563	428	572
564	427	573
565	426	574
566	425	575
567	424	576
568	423	577
569	422	578
570	421	579
571	420	580
572	419	581
573	418	582
574	417	583
575	416	584
576	415	585
577	414	586
578	413	587
579	412	588
580	411	589
581	410	590
582	409	591
583	408	592
584	407	593
585	406	594
586	405	595
587	404	596
588	403	597
589	402	598
590	401	599
591	400	600
592	399	601
593	398	602
594	397	603
595	396	604
596	395	605
597	394	606
598	393	607
599	392	608
600	391	609
601	390	610
602	389	611
603	388	612
604	387	613
605	386	614
606	385	615
607	384	616
608	383	617
609	382	618
610	381	619
611	380	620
612	379	621
613	378	622
614	377	623
615	376	624
616	375	625
617	374	626
618	373	627
619	372	628
620	371	629
621	370	630
622	369	631
623	368	632
624	367	633
625	366	634
626	365	635
627	364	636
628	363	637
629	362	638
630	361	639
631	360	640
632	359	641
633	358	642
634	357	643
635	356	644
636	355	645
637	354	646
638	353	647
639	352	648
640	351	649
641	350	650
642	349	651
643	348	652
644	347	653
645	346	654
646	345	655
647	344	656
648	343	657
649	342	658
650	341	659
651	340	660
652	339	661
653	338	662
654	337	663
655	336	664
656	335	665
657	334	666
658	333	667
659	332	668
660	331	669
661	330	670
662	329	671
663	328	672
664	327	673
665	326	674
666	325	675
667	324	676
668	323	677
669	322	678
670	321	679
671	320	680
672	319	681
673	318	682
674	317	683
675	316	684
676	315	685
677	314	686
678	313	687
679	312	688
680	311	689
681	310	690
682	309	691
683	308	692
684	307	693
685	306	694
686	305	695
687	304	696
688	303	697
689	302	698
690	301	699
691	300	700
692	299	701
693	298	702
694	297	703
695	296	704
696	295	705
697	294	706
698	293	707
699	292	708
700	291	709
701	290	710
702	289	711
703	288	712
704	287	713
705	286	714
706	285	715
707	284	716
708	283	717
709	282	718
710	281	719
711	280	720
712	279	721
713	278	722
714	277	723
715	276	724
716	275	725
717	274	726
718	273	727
719	272	728
720	271	729
721	270	730
722	269	731
723	268	732
724	267	733
725	266	734
726	265	735
727	264	736
728	263	737
729	262	738
730	261	739
731	260	740
732	259	741
733	258	742
734	257	743
735	256	744
736	255	745
737	254	746
738	253	747
739	252	748
740	251	749
741	250	750
742	249	751
743	248	752
744	247	753
745	246	754
746	245	755
747	244	756
748	243	757
749	242	758
750	241	759
751	240	760
752	239	761
753	238	762
754	237	763
755	236	764
756	235	765
757	234	766
758	233	767
759	232	768
760	231	769
761	230	770
762	229	771
763	228	772
764	227	773
765	226	774
766	225	775
767	224	776
768	223	777
769	222	778
770	221	779
771	220	780
772	219	781
773	218	782
774	217	783
775	216	784
776	215	785
777	214	786
778	213	787
779	212	788
780	211	789
781	210	790
782	209	791
783	208	792
784	207	793
785	206	794
786	205	795
787	204	796
788	203	797
789	202	798
790	201	799
791	200	800
792	199	801
793	198	802
794	197	803
795	196	804
796	195	805
797	194	806
798	193	807
799	192	808
800	191	809
801	190	810
802	189	811
803	188	812
804	187	813
805	186	814
806	185	815
807	184	816
808	183	817
809	182	818
810	181	819
811	180	820
812	179	821
813	178	822
814	177	823
815	176	824
816	175	825
817	174	826
818	173	827
819	172	828
820	171	829
821	170	830
822	169	831
823	168	832
824	167	833
825	166	834
826	165	835
827	164	836
828	163	837
829	162	838
830	161	839
831	160	840
832	159	841
833	158	842
834	157	843
835	156	844
836	155	845
837	154	846
838	153	847
839	152	848
840	151	849
841	150	850
842	149	851
843	148	852
844	147	853
845	146	854
846	145	855
847	144	856
848	143	857
849	142	858
850	141	859
851	140	860
852	139	861
853	138	862
854	137	863
855	136	864
856	135	865
857	134	866
858	133	867
859	132	868
860	131	869
861	130	870
862	129	871
863	128	872
864	127	873
865	126	874
866	125	875
867	124	876
868	123	877
869	122	878
870	121	879
871	120	880
872	119	881
873	118	882
874	117	883
875	116	884
876	115	885
877	114	886
878	113	887
879	112	888
880	111	889
881	110	890
882	109	891
883	108	892
884	107	893
885	106	894
886	105	895
887	104	896
888	103	897
889	102	898
890	101	899
891	100	900
892	99	901
893	98	902
894	97	903
895	96	904
896	95	905
897	94	906
898	93	907
899	92	908
900	91	909
901	90	910
902	89	911
903	88	912
904	87	913
905	86	914
906	85	915
907	84	916
908	83	917
909	82	918
910	81	919
911	80	920
912	79	921
913	78	922
914	77	923
915	76	924
916	75	925
917	74	926
918	73	927
919	72	928
920	71	929
921	70	930
922	69	931
923	68	932
924	67	933
925	66	934
926	65	935
927	64	936
928	63	937
929	62	938
930	61	939
931	60	940
932	59	941
933	58	942
934	57	943
935	56	944
936	55	945
937	54	946
938	53	947
939	52	948
940	51	949
941	50	950
942	49	951
943	48	952
944	47	953
945	46	954
946	45	955
947	44	956
948	43	957
949	42	958
950	41	959
951	40	960
952	39	961
953	38	962
954	37	963
955	36	964
956	35	965
957	34	966
958	33	967
959	32	968
960	31	969
961	30	970
962	29	971
963	28	972
964	27	973
965	26	974
966	25	975
967	24	976
968	23	977
969	22	978
970	21	979
971	20	980
972	19	981
973	18	982
974	17	983
975	16	984
976	15	985
977	14	986
978	13	987
979	12	988
980	11	989
981	10	990
982	9	991
983	8	992
984	7	993
985	6	994
986	5	995
987	4	996
988	3	997
989	2	998
990	1	999
991	0	1000
