0	120
1	120
2	120
3	120
4	120
5	120
6	120
7	120
8	120
9	120
10	120
11	120
12	120
13	120
14	120
15	120
16	120
17	120
18	120
19	120
20	120
21	120
22	120
23	120
24	120
25	120
26	120
27	120
28	120
29	120
30	120
31	145
32	145
33	145
34	149
35	149
36	149
37	149
38	149
39	149
40	149
41	149
42	149
43	149
44	149
45	172
46	172
47	172
48	172
49	172
50	172
51	172
52	172
53	172
54	172
55	172
56	172
57	172
58	172
59	172
60	172
61	172
62	172
63	172
64	172
65	172
66	172
67	172
68	172
69	172
70	172
71	172
72	172
73	172
74	172
75	172
76	172
77	172
78	172
79	172
80	172
81	172
82	172
83	172
84	172
85	172
86	172
87	172
88	172
89	172
90	172
91	195
92	195
93	195
94	195
95	195
96	195
97	195
98	195
99	195
100	195
101	195
102	195
103	195
104	195
105	195
106	195
107	195
108	225
109	225
110	225
111	225
112	225
113	225
114	225
115	225
116	225
117	248
118	248
119	248
120	248
121	248
122	248
123	248
124	248
125	248
126	248
127	248
128	248
129	248
130	248
131	248
132	248
133	248
134	248
135	248
136	248
137	248
138	248
139	248
140	248
141	248
142	248
143	248
144	248
145	248
146	248
147	248
148	248
149	248
150	248
151	248
152	248
153	248
154	248
155	248
156	248
157	248
158	248
159	248
160	248
161	248
162	248
163	248
164	248
165	248
166	248
167	248
168	248
169	248
170	248
171	248
172	248
173	248
174	248
175	248
176	248
177	248
178	248
179	248
180	248
181	248
182	248
183	248
184	248
185	248
186	248
187	248
188	248
189	248
190	248
191	248
192	248
193	248
194	248
195	248
196	248
197	248
198	248
199	248
200	248
201	248
202	248
203	248
204	248
205	271
206	271
207	271
208	271
209	271
210	271
211	271
212	271
213	271
214	271
215	271
216	271
217	271
218	271
219	271
220	271
221	271
222	271
223	271
224	271
225	271
226	271
227	271
228	271
229	271
230	271
231	271
232	271
233	271
234	271
235	271
236	271
237	271
238	271
239	271
240	271
241	271
242	271
243	271
244	271
245	271
246	271
247	271
248	271
249	271
250	271
251	271
252	271
253	271
254	271
255	271
256	271
257	271
258	271
259	271
260	271
261	271
262	271
263	271
264	294
265	294
266	294
267	294
268	294
269	294
270	294
271	294
272	294
273	294
274	294
275	294
276	294
277	294
278	294
279	294
280	294
281	294
282	294
283	294
284	294
285	324
286	324
287	324
288	324
289	324
290	324
291	324
292	324
293	324
294	324
295	324
296	324
297	324
298	324
299	343
300	343
301	343
302	343
303	343
304	343
305	343
306	343
307	343
308	343
309	343
310	343
311	343
312	343
313	343
314	343
315	343
316	343
317	368
318	368
319	368
320	368
321	368
322	368
323	368
324	368
325	368
326	368
327	368
328	368
329	368
330	368
331	368
332	368
333	368
334	368
335	368
336	368
337	368
338	368
339	368
340	368
341	368
342	368
343	368
344	368
345	368
346	368
347	368
348	368
349	368
350	368
351	368
352	368
353	368
354	368
355	368
356	368
357	368
358	368
359	368
360	368
361	368
362	368
363	368
364	368
365	368
366	368
367	368
368	368
369	368
370	368
371	368
372	368
373	368
374	368
375	368
376	368
377	393
378	393
379	393
380	393
381	393
382	393
383	393
384	393
385	393
386	393
387	393
388	393
389	393
390	393
391	393
392	393
393	393
394	393
395	393
396	393
397	393
398	393
399	393
400	393
401	393
402	393
403	393
404	393
405	393
406	393
407	393
408	393
409	393
410	393
411	393
412	393
413	393
414	393
415	393
416	393
417	393
418	393
419	393
420	393
421	393
422	393
423	393
424	393
425	393
426	393
427	393
428	393
429	393
430	393
431	393
432	393
433	393
434	393
435	393
436	393
437	393
438	393
439	393
440	393
441	393
442	393
443	393
444	393
445	393
446	393
447	393
448	393
449	393
450	393
451	393
452	393
453	393
454	393
455	393
456	393
457	393
458	393
459	393
460	393
461	393
462	393
463	393
464	393
465	393
466	393
467	393
468	393
469	393
470	393
471	393
472	393
473	393
474	393
475	393
476	393
477	393
478	393
479	393
480	393
481	393
482	393
483	393
484	393
485	393
486	393
487	393
488	393
489	393
490	393
491	393
492	393
493	393
494	393
495	393
496	393
497	393
498	393
499	393
500	393
501	393
502	393
503	393
504	393
505	393
506	393
507	393
508	393
509	393
510	393
511	393
512	393
513	393
514	393
515	393
516	393
517	393
518	393
519	393
520	393
521	393
522	393
523	393
524	393
525	393
526	393
527	393
528	393
529	393
530	393
531	393
532	393
533	393
534	393
535	393
536	393
537	393
538	393
539	393
540	393
541	393
542	393
543	393
544	393
545	393
546	393
547	393
548	393
549	393
550	393
551	393
552	393
553	393
554	393
555	393
556	393
557	393
558	388
559	388
560	388
561	388
562	388
563	388
564	388
565	388
566	388
567	388
568	388
569	388
570	388
571	388
572	388
573	388
574	388
575	388
576	388
577	388
578	388
579	388
580	388
581	388
582	388
583	388
584	388
585	388
586	388
587	388
588	388
589	388
590	388
591	388
592	388
593	388
594	388
595	388
596	388
597	388
598	388
599	388
600	388
601	388
602	388
603	388
604	388
605	388
606	388
607	388
608	388
609	388
610	388
611	388
612	388
613	388
614	388
615	388
616	388
617	388
618	388
619	388
620	388
621	388
622	388
623	388
624	388
625	388
626	388
627	388
628	388
629	388
630	388
631	388
632	388
633	388
634	388
635	388
636	388
637	388
638	388
639	388
640	388
641	388
642	388
643	388
644	388
645	388
646	388
647	388
648	388
649	388
650	388
651	388
652	388
653	388
654	388
655	388
656	388
657	388
658	388
659	388
660	388
661	388
662	388
663	388
664	388
665	388
666	388
667	388
668	388
669	388
670	388
671	388
672	388
673	388
674	388
675	388
676	388
677	388
678	388
679	388
680	388
681	388
682	388
683	388
684	388
685	388
686	388
687	388
688	418
689	418
690	418
691	418
692	418
693	418
694	418
695	418
696	418
697	418
698	418
699	418
700	418
701	418
702	418
703	418
704	418
705	418
706	418
707	418
708	418
709	418
710	418
711	418
712	418
713	418
714	418
715	418
716	418
717	418
718	418
719	418
720	418
721	418
722	418
723	418
724	418
725	418
726	418
727	418
728	418
729	418
730	418
731	418
732	418
733	418
734	418
735	418
736	418
737	418
738	418
739	418
740	418
741	418
742	418
743	418
744	418
745	418
746	418
747	418
748	418
749	418
750	418
751	418
752	418
753	418
754	418
755	418
756	418
757	418
758	418
759	418
760	418
761	418
762	418
763	418
764	418
765	418
766	418
767	418
768	418
769	418
770	418
771	418
772	418
773	418
774	418
775	418
776	418
777	418
778	418
779	418
780	418
781	418
782	418
783	418
784	418
785	418
786	418
787	418
788	418
789	418
790	418
791	418
792	418
793	418
794	418
795	418
796	418
797	418
798	418
799	418
800	418
801	418
802	418
803	418
804	418
805	418
806	418
807	418
808	418
809	418
810	418
811	418
812	418
813	418
814	418
815	418
816	418
817	445
818	445
819	445
820	445
821	445
822	445
823	445
824	445
825	445
826	445
827	445
828	445
829	445
830	445
831	445
832	445
833	445
834	445
835	445
836	445
837	445
838	476
839	476
840	476
841	476
842	476
843	476
844	476
845	476
846	476
847	476
848	476
849	476
850	476
851	476
852	476
853	476
854	476
855	476
856	476
857	476
858	476
859	476
860	476
861	476
862	476
863	476
864	476
865	476
866	476
867	476
868	476
869	476
870	476
871	476
872	476
873	476
874	476
875	476
876	476
877	476
878	476
879	476
880	476
881	476
882	476
883	476
884	476
885	476
886	476
887	476
888	476
889	476
890	476
891	476
892	476
893	476
894	476
895	476
896	476
897	476
898	476
899	476
900	476
901	476
902	476
903	476
904	476
905	476
906	476
907	476
908	476
909	476
910	476
911	476
912	476
913	476
914	476
915	476
916	476
917	476
918	476
919	476
920	476
921	476
922	476
923	476
924	476
925	476
926	476
927	476
928	476
929	476
930	476
931	476
932	476
933	476
934	476
935	476
936	476
937	476
938	476
939	476
940	476
941	476
942	476
943	476
944	476
945	476
946	476
947	476
948	476
949	476
950	476
951	476
952	476
953	476
954	476
955	476
956	476
957	476
958	476
959	476
960	476
961	476
962	476
963	476
964	476
965	476
966	476
967	476
968	476
969	476
970	476
971	476
972	476
973	476
974	476
975	476
976	476
977	476
978	476
979	476
980	476
981	476
982	476
983	476
984	476
985	476
986	476
987	476
988	476
989	476
990	476
991	383
992	383
993	383
994	383
995	383
996	383
997	383
998	383
999	383
1000	383
1001	383
1002	408
1003	408
1004	408
1005	408
1006	408
1007	408
1008	408
1009	408
1010	408
1011	408
1012	408
1013	438
1014	438
1015	438
1016	438
1017	438
1018	438
1019	438
1020	438
1021	438
1022	438
1023	438
1024	438
1025	438
1026	438
1027	438
1028	438
1029	438
1030	438
1031	438
1032	438
1033	438
1034	438
1035	438
1036	438
1037	438
1038	438
1039	438
1040	438
1041	438
1042	438
1043	438
1044	438
1045	438
1046	438
1047	438
1048	438
1049	468
1050	468
1051	468
1052	468
1053	468
1054	468
1055	468
1056	468
1057	468
1058	468
1059	468
1060	468
1061	468
1062	468
1063	493
1064	493
1065	493
1066	493
1067	493
1068	493
1069	493
1070	493
1071	493
1072	493
1073	493
1074	493
1075	493
1076	493
1077	493
1078	493
1079	493
1080	493
1081	493
1082	493
1083	493
1084	493
1085	493
1086	493
1087	493
1088	493
1089	493
1090	493
1091	493
1092	493
1093	493
1094	493
1095	493
1096	493
1097	493
1098	493
1099	493
1100	493
1101	493
1102	493
1103	493
1104	493
1105	493
1106	493
1107	493
1108	520
1109	520
1110	520
1111	520
1112	520
1113	520
1114	520
1115	520
1116	520
1117	520
1118	520
1119	520
1120	520
1121	520
1122	520
1123	498
1124	498
1125	498
1126	498
1127	498
1128	498
1129	498
1130	498
1131	498
1132	498
1133	525
1134	525
1135	525
1136	525
1137	525
1138	525
1139	525
1140	525
1141	525
1142	525
1143	525
1144	525
1145	525
1146	525
1147	525
1148	525
1149	525
1150	525
1151	525
1152	525
1153	525
1154	525
1155	525
1156	525
1157	525
1158	525
1159	525
1160	525
1161	493
1162	493
1163	493
1164	493
1165	493
1166	493
1167	493
1168	493
1169	494
1170	494
1171	494
1172	494
1173	494
1174	494
1175	494
1176	494
1177	494
1178	494
1179	494
1180	494
1181	494
1182	494
1183	494
1184	494
1185	494
1186	494
1187	494
1188	494
1189	494
1190	499
1191	499
1192	499
1193	499
1194	499
1195	499
1196	499
1197	499
1198	499
1199	499
1200	499
1201	499
1202	499
1203	499
1204	499
1205	499
1206	499
1207	499
1208	499
1209	499
1210	499
1211	499
1212	499
1213	499
1214	499
1215	499
1216	499
1217	499
1218	499
1219	499
1220	499
1221	499
1222	499
1223	499
1224	499
1225	499
1226	499
1227	499
1228	499
1229	499
1230	499
1231	518
1232	518
1233	518
1234	486
1235	486
1236	486
1237	486
1238	486
1239	486
1240	486
1241	486
1242	486
1243	486
1244	486
1245	486
1246	486
1247	486
1248	486
1249	486
1250	486
1251	486
1252	486
1253	486
1254	486
1255	486
1256	486
1257	486
1258	486
1259	486
1260	486
1261	486
1262	486
1263	486
1264	486
1265	486
1266	486
1267	486
1268	486
1269	486
1270	486
1271	486
1272	486
1273	486
1274	486
1275	486
1276	486
1277	486
1278	486
1279	486
1280	486
1281	486
1282	486
1283	486
1284	486
1285	486
1286	486
1287	486
1288	486
1289	486
1290	486
1291	486
1292	486
1293	486
1294	486
1295	486
1296	486
1297	509
1298	503
1299	503
1300	503
1301	503
1302	503
1303	503
1304	503
1305	503
1306	503
1307	503
1308	503
1309	503
1310	503
1311	503
1312	503
1313	503
1314	503
1315	503
1316	503
1317	503
1318	479
1319	479
1320	479
1321	479
1322	479
1323	479
1324	479
1325	479
1326	479
1327	479
1328	479
1329	479
1330	479
1331	479
1332	479
1333	479
1334	479
1335	479
1336	479
1337	479
1338	479
1339	479
1340	479
1341	479
1342	479
1343	479
1344	479
1345	479
1346	479
1347	479
1348	479
1349	479
1350	479
1351	479
1352	479
1353	479
1354	479
1355	479
1356	479
1357	479
1358	479
1359	479
1360	479
1361	479
1362	479
1363	479
1364	479
1365	479
1366	479
1367	479
1368	479
1369	479
1370	504
1371	487
1372	487
1373	487
1374	487
1375	487
1376	487
1377	487
1378	487
1379	487
1380	487
1381	487
1382	487
1383	487
1384	487
1385	487
1386	487
1387	487
1388	487
1389	487
1390	487
1391	487
1392	487
1393	487
1394	487
1395	487
1396	487
1397	487
1398	487
1399	487
1400	487
1401	487
1402	487
1403	487
1404	487
1405	487
1406	487
1407	487
1408	487
1409	487
1410	487
1411	487
1412	487
1413	487
1414	487
1415	487
1416	487
1417	487
1418	487
1419	487
1420	487
1421	487
1422	487
1423	487
1424	487
1425	487
1426	487
1427	487
1428	487
1429	487
1430	487
1431	487
1432	487
1433	487
1434	487
1435	487
1436	487
1437	487
1438	487
1439	487
1440	487
1441	487
1442	487
1443	487
1444	487
1445	487
1446	487
1447	487
1448	487
1449	487
1450	487
1451	487
1452	487
1453	487
1454	487
1455	487
1456	487
1457	487
1458	487
1459	487
1460	487
1461	487
1462	487
1463	487
1464	487
1465	487
1466	487
1467	487
1468	487
1469	487
1470	487
1471	487
1472	510
1473	510
1474	510
1475	510
1476	510
1477	510
1478	510
1479	510
1480	510
1481	510
1482	510
1483	510
1484	510
1485	510
1486	510
1487	510
1488	496
1489	496
1490	496
1491	496
1492	496
1493	496
1494	496
1495	496
1496	496
1497	496
1498	496
1499	496
1500	496
1501	496
1502	496
1503	496
1504	496
1505	496
1506	496
1507	496
1508	496
1509	496
1510	496
1511	496
1512	496
1513	496
1514	496
1515	496
1516	496
1517	496
1518	496
1519	496
1520	496
1521	496
1522	496
1523	496
1524	496
1525	496
1526	496
1527	496
1528	496
1529	496
1530	496
1531	496
1532	496
1533	496
1534	496
1535	496
1536	496
1537	496
1538	496
1539	496
1540	496
1541	496
1542	496
1543	496
1544	496
1545	496
1546	496
1547	496
1548	496
1549	496
1550	496
1551	496
1552	496
1553	496
1554	496
1555	496
1556	496
1557	496
1558	496
1559	496
1560	496
1561	496
1562	496
1563	496
1564	496
1565	496
1566	496
1567	496
1568	496
1569	496
1570	496
1571	496
1572	496
1573	496
1574	496
1575	496
1576	496
1577	496
1578	496
1579	496
1580	496
1581	496
1582	496
1583	496
1584	496
1585	496
1586	496
1587	496
1588	496
1589	496
1590	496
1591	496
1592	496
1593	496
1594	496
1595	496
1596	496
1597	496
1598	496
1599	496
1600	496
1601	496
1602	496
1603	496
1604	496
1605	496
1606	496
1607	496
1608	496
1609	496
1610	496
1611	496
1612	496
1613	496
1614	496
1615	496
1616	496
1617	496
1618	496
1619	496
1620	496
1621	496
1622	496
1623	496
1624	496
1625	496
1626	496
1627	496
1628	496
1629	496
1630	496
1631	496
1632	496
1633	496
1634	496
1635	496
1636	496
1637	496
1638	496
1639	496
1640	496
1641	496
1642	496
1643	496
1644	496
1645	496
1646	496
1647	496
1648	496
1649	496
1650	496
1651	496
1652	496
1653	496
1654	496
1655	496
1656	496
1657	496
1658	496
1659	496
1660	496
1661	496
1662	496
1663	496
1664	496
1665	496
1666	496
1667	496
1668	496
1669	496
1670	496
1671	496
1672	496
1673	496
1674	496
1675	496
1676	496
1677	496
1678	496
1679	496
1680	496
1681	496
1682	496
1683	496
1684	496
1685	496
1686	496
1687	496
1688	496
1689	496
1690	496
1691	496
1692	496
1693	496
1694	496
1695	496
1696	496
1697	496
1698	496
1699	496
1700	496
1701	496
1702	496
1703	496
1704	496
1705	496
1706	496
1707	496
1708	496
1709	496
1710	496
1711	496
1712	496
1713	496
1714	496
1715	496
1716	496
1717	496
1718	496
1719	496
1720	496
1721	496
1722	496
1723	496
1724	496
1725	496
1726	496
1727	496
1728	496
1729	496
1730	496
1731	496
1732	496
1733	496
1734	496
1735	496
1736	496
1737	496
1738	496
1739	496
1740	496
1741	496
1742	496
1743	496
1744	496
1745	496
1746	496
1747	496
1748	496
1749	496
1750	496
1751	496
1752	496
1753	496
1754	496
1755	496
1756	496
1757	496
1758	496
1759	496
1760	496
1761	496
1762	496
1763	496
1764	496
1765	496
1766	496
1767	496
1768	496
1769	496
1770	496
1771	496
1772	496
1773	496
1774	496
1775	496
1776	496
1777	496
1778	496
1779	496
1780	496
1781	496
1782	496
1783	496
1784	496
1785	496
1786	496
1787	496
1788	496
1789	496
1790	496
1791	496
1792	496
1793	496
1794	496
1795	527
1796	527
1797	527
1798	527
1799	527
1800	527
1801	506
1802	494
1803	494
1804	494
1805	494
1806	494
1807	494
1808	494
1809	494
1810	494
1811	494
1812	494
1813	494
1814	494
1815	494
1816	494
1817	494
1818	494
1819	494
1820	494
1821	494
1822	494
1823	494
1824	494
1825	494
1826	494
1827	494
1828	494
1829	494
1830	494
1831	494
1832	494
1833	494
1834	494
1835	494
1836	494
1837	494
1838	494
1839	494
1840	494
1841	494
1842	494
1843	494
1844	494
1845	494
1846	517
1847	517
1848	517
1849	517
1850	517
1851	517
1852	517
1853	504
1854	504
1855	495
1856	495
1857	495
1858	495
1859	495
1860	495
1861	495
1862	495
1863	495
1864	495
1865	495
1866	495
1867	495
1868	495
1869	495
1870	495
1871	495
1872	495
1873	495
1874	495
1875	495
1876	495
1877	495
1878	495
1879	495
1880	495
1881	495
1882	495
1883	495
1884	495
1885	495
1886	495
1887	495
1888	495
1889	495
1890	495
1891	495
1892	495
1893	495
1894	495
1895	495
1896	495
1897	495
1898	495
1899	495
1900	495
1901	495
1902	495
1903	495
1904	495
1905	495
1906	495
1907	495
1908	495
1909	495
1910	522
1911	522
1912	522
1913	522
1914	521
1915	521
1916	521
1917	521
1918	521
1919	514
1920	514
1921	514
1922	514
1923	514
1924	514
1925	514
1926	481
1927	481
1928	481
1929	481
1930	481
1931	481
1932	481
1933	481
1934	481
1935	481
1936	481
1937	481
1938	481
1939	481
1940	481
1941	481
1942	481
1943	481
1944	481
1945	481
1946	481
1947	481
1948	481
1949	481
1950	481
1951	481
1952	481
1953	481
1954	481
1955	481
1956	481
1957	481
1958	481
1959	481
1960	481
1961	481
1962	481
1963	481
1964	481
1965	481
1966	481
1967	481
1968	481
1969	481
1970	481
1971	481
1972	481
1973	481
1974	481
1975	481
1976	481
1977	481
1978	481
1979	481
1980	481
1981	481
1982	481
1983	481
1984	481
1985	481
1986	481
1987	481
1988	481
1989	481
1990	481
1991	481
1992	481
1993	481
1994	481
1995	481
1996	481
1997	481
1998	481
1999	481
2000	481
2001	481
2002	481
2003	481
2004	481
2005	481
2006	481
2007	481
2008	481
2009	481
2010	481
2011	481
2012	481
2013	481
2014	481
2015	481
2016	481
2017	481
2018	481
2019	481
2020	481
2021	481
2022	481
2023	481
2024	481
2025	481
2026	481
2027	481
2028	481
2029	481
2030	481
2031	481
2032	481
2033	481
2034	481
2035	481
2036	481
2037	481
2038	481
2039	481
2040	481
2041	481
2042	481
2043	481
2044	481
2045	481
2046	481
2047	481
2048	481
2049	481
2050	481
2051	481
2052	481
2053	481
2054	481
2055	508
2056	508
2057	508
2058	508
2059	508
2060	508
2061	508
2062	508
2063	508
2064	508
2065	508
2066	508
2067	508
2068	508
2069	508
2070	508
2071	508
2072	508
2073	508
2074	508
2075	508
2076	508
2077	508
2078	508
2079	508
2080	508
2081	508
2082	508
2083	479
2084	479
2085	479
2086	479
2087	479
2088	479
2089	479
2090	479
2091	479
2092	479
2093	479
2094	479
2095	479
2096	479
2097	479
2098	479
2099	479
2100	479
2101	479
2102	479
2103	479
2104	479
2105	479
2106	479
2107	479
2108	479
2109	479
2110	479
2111	479
2112	479
2113	479
2114	479
2115	479
2116	479
2117	479
2118	479
2119	479
2120	479
2121	479
2122	479
2123	479
2124	479
2125	479
2126	479
2127	479
2128	479
2129	479
2130	479
2131	479
2132	479
2133	479
2134	479
2135	479
2136	479
2137	479
2138	479
2139	477
2140	477
2141	477
2142	477
2143	477
2144	477
2145	477
2146	477
2147	477
2148	477
2149	477
2150	477
2151	477
2152	477
2153	477
2154	477
2155	477
2156	477
2157	477
2158	477
2159	477
2160	477
2161	477
2162	477
2163	477
2164	477
2165	477
2166	477
2167	477
2168	477
2169	477
2170	477
2171	477
2172	477
2173	477
2174	477
2175	477
2176	477
2177	477
2178	477
2179	477
2180	477
2181	477
2182	477
2183	477
2184	477
2185	477
2186	477
2187	477
2188	477
2189	477
2190	477
2191	477
2192	477
2193	477
2194	477
2195	477
2196	477
2197	477
2198	477
2199	477
2200	477
2201	477
2202	477
2203	477
2204	477
2205	477
2206	477
2207	477
2208	477
2209	477
2210	477
2211	477
2212	477
2213	477
2214	477
2215	477
2216	477
2217	477
2218	477
2219	477
2220	477
2221	477
2222	477
2223	477
2224	477
2225	477
2226	477
2227	477
2228	477
2229	477
2230	477
2231	477
2232	477
2233	477
2234	477
2235	477
2236	477
2237	477
2238	477
2239	477
2240	477
2241	477
2242	477
2243	477
2244	477
2245	477
2246	477
2247	477
2248	477
2249	477
2250	477
2251	477
2252	477
2253	477
2254	477
2255	477
2256	477
2257	477
2258	477
2259	477
2260	477
2261	477
2262	477
2263	477
2264	477
2265	477
2266	477
2267	477
2268	477
2269	477
2270	477
2271	477
2272	477
2273	477
2274	477
2275	477
2276	477
2277	477
2278	477
2279	477
2280	477
2281	477
2282	477
2283	477
2284	477
2285	477
2286	477
2287	477
2288	477
2289	477
2290	477
2291	477
2292	477
2293	477
2294	477
2295	481
2296	481
2297	481
2298	481
2299	481
2300	481
2301	500
2302	500
2303	500
2304	500
2305	500
2306	500
2307	500
2308	500
2309	500
2310	499
2311	499
2312	499
2313	499
2314	499
2315	499
2316	499
2317	499
2318	499
2319	499
2320	499
2321	499
2322	499
2323	499
2324	499
2325	499
2326	499
2327	499
2328	499
2329	499
2330	499
2331	499
2332	499
2333	499
2334	499
2335	499
2336	499
2337	499
2338	499
2339	499
2340	499
2341	499
2342	499
2343	499
2344	499
2345	499
2346	499
2347	499
2348	499
2349	499
2350	499
2351	499
2352	499
2353	499
2354	499
2355	499
2356	499
2357	499
2358	499
2359	499
2360	499
2361	499
2362	499
2363	499
2364	499
2365	499
2366	499
2367	499
2368	499
2369	499
2370	499
2371	499
2372	499
2373	499
2374	499
2375	518
2376	518
2377	518
2378	518
2379	518
2380	518
2381	518
2382	518
2383	518
2384	518
2385	518
2386	518
2387	518
2388	501
2389	501
2390	501
2391	501
2392	501
2393	501
2394	501
2395	501
2396	501
2397	501
2398	479
2399	479
2400	479
2401	479
2402	479
2403	479
2404	479
2405	479
2406	479
2407	479
2408	479
2409	479
2410	479
2411	479
2412	479
2413	479
2414	479
2415	479
2416	479
2417	479
2418	502
2419	484
2420	509
2421	509
2422	509
2423	509
2424	509
2425	509
2426	509
2427	509
2428	509
2429	509
2430	509
2431	509
2432	509
2433	509
2434	509
2435	509
2436	509
2437	509
2438	509
2439	509
2440	509
2441	509
2442	509
2443	509
2444	509
2445	509
2446	509
2447	509
2448	509
2449	509
2450	509
2451	506
2452	506
2453	506
2454	506
2455	506
2456	506
2457	506
2458	506
2459	506
2460	506
2461	506
2462	506
2463	506
2464	506
2465	506
2466	484
2467	484
2468	484
2469	484
2470	484
2471	484
2472	484
2473	484
2474	484
2475	484
2476	484
2477	484
2478	484
2479	484
2480	484
2481	484
2482	484
2483	484
2484	484
2485	484
2486	484
2487	484
2488	484
2489	484
2490	484
2491	484
2492	484
2493	484
2494	484
2495	484
2496	484
2497	484
2498	484
2499	484
2500	484
2501	484
2502	484
2503	484
2504	484
2505	484
2506	484
2507	484
2508	484
2509	484
2510	484
2511	484
2512	484
2513	484
2514	484
2515	484
2516	484
2517	484
2518	484
2519	484
2520	484
2521	484
2522	484
2523	484
2524	484
2525	484
2526	484
2527	484
2528	484
2529	484
2530	484
2531	484
2532	484
2533	484
2534	484
2535	484
2536	484
2537	484
2538	484
2539	484
2540	484
2541	484
2542	484
2543	484
2544	484
2545	484
2546	484
2547	484
2548	484
2549	484
2550	484
2551	484
2552	484
2553	484
2554	484
2555	484
2556	484
2557	484
2558	484
2559	484
2560	484
2561	484
2562	484
2563	484
2564	484
2565	484
2566	484
2567	484
2568	484
2569	484
2570	484
2571	484
2572	484
2573	484
2574	484
2575	484
2576	484
2577	484
2578	484
2579	484
2580	484
2581	484
2582	484
2583	484
2584	484
2585	484
2586	484
2587	484
2588	484
2589	484
2590	484
2591	484
2592	484
2593	484
2594	484
2595	484
2596	484
2597	484
2598	484
2599	484
2600	484
2601	484
2602	484
2603	484
2604	484
2605	484
2606	484
2607	484
2608	484
2609	484
2610	484
2611	484
2612	484
2613	484
2614	484
2615	484
2616	484
2617	484
2618	484
2619	484
2620	484
2621	484
2622	484
2623	484
2624	484
2625	484
2626	484
2627	484
2628	484
2629	484
2630	484
2631	484
2632	484
2633	484
2634	484
2635	484
2636	484
2637	484
2638	484
2639	484
2640	484
2641	484
2642	484
2643	484
2644	484
2645	484
2646	484
2647	484
2648	484
2649	484
2650	484
2651	509
2652	509
2653	509
2654	509
2655	509
2656	509
2657	502
2658	502
2659	502
2660	502
2661	502
2662	502
2663	502
2664	502
2665	502
2666	502
2667	502
2668	502
2669	491
2670	491
2671	491
2672	491
2673	491
2674	491
2675	491
2676	491
2677	491
2678	491
2679	491
2680	491
2681	491
2682	491
2683	491
2684	491
2685	491
2686	491
2687	491
2688	491
2689	491
2690	491
2691	491
2692	491
2693	491
2694	491
2695	491
2696	491
2697	491
2698	491
2699	491
2700	491
2701	491
2702	491
2703	491
2704	491
2705	491
2706	491
2707	491
2708	491
2709	491
2710	491
2711	491
2712	491
2713	491
2714	491
2715	491
2716	491
2717	491
2718	491
2719	522
2720	522
2721	522
2722	516
2723	516
2724	516
2725	516
2726	509
2727	499
2728	499
2729	499
2730	499
2731	499
2732	499
2733	499
2734	499
2735	499
2736	499
2737	499
2738	499
2739	499
2740	499
2741	499
2742	499
2743	499
2744	499
2745	499
2746	499
2747	499
2748	499
2749	499
2750	499
2751	499
2752	499
2753	499
2754	499
2755	499
2756	499
2757	499
2758	499
2759	499
2760	499
2761	499
2762	499
2763	499
2764	499
2765	499
2766	499
2767	499
2768	499
2769	499
2770	499
2771	499
2772	499
2773	499
2774	499
2775	499
2776	499
2777	499
2778	499
2779	499
2780	499
2781	499
2782	499
2783	499
2784	499
2785	499
2786	499
2787	499
2788	499
2789	499
2790	499
2791	499
2792	499
2793	499
2794	499
2795	499
2796	499
2797	499
2798	499
2799	499
2800	499
2801	499
2802	499
2803	499
2804	499
2805	499
2806	499
2807	499
2808	499
2809	499
2810	499
2811	499
2812	499
2813	499
2814	499
2815	499
2816	499
2817	499
2818	499
2819	499
2820	499
2821	502
2822	502
2823	502
2824	502
2825	494
2826	494
2827	521
2828	521
2829	521
2830	521
2831	521
2832	521
2833	521
2834	521
2835	521
2836	521
2837	521
2838	521
2839	521
2840	521
2841	521
2842	521
2843	521
2844	508
2845	508
2846	508
2847	508
2848	508
2849	508
2850	508
2851	508
2852	508
2853	508
2854	508
2855	508
2856	508
2857	508
2858	508
2859	508
2860	508
2861	508
2862	508
2863	508
2864	508
2865	495
2866	495
2867	495
2868	495
2869	495
2870	495
2871	495
2872	495
2873	495
2874	495
2875	495
2876	495
2877	495
2878	495
2879	495
2880	495
2881	495
2882	495
2883	495
2884	495
2885	495
2886	495
2887	495
2888	495
2889	495
2890	495
2891	495
2892	495
2893	495
2894	495
2895	495
2896	495
2897	495
2898	495
2899	495
2900	495
2901	495
2902	495
2903	495
2904	495
2905	495
2906	495
2907	495
2908	495
2909	495
2910	495
2911	495
2912	495
2913	495
2914	495
2915	495
2916	495
2917	495
2918	495
2919	495
2920	495
2921	495
2922	495
2923	495
2924	495
2925	495
2926	495
2927	495
2928	495
2929	495
2930	495
2931	495
2932	495
2933	495
2934	495
2935	495
2936	495
2937	495
2938	495
2939	495
2940	495
2941	495
2942	495
2943	495
2944	495
2945	495
2946	495
2947	495
2948	495
2949	495
2950	495
2951	495
2952	495
2953	495
2954	495
2955	495
2956	495
2957	495
2958	495
2959	495
2960	495
2961	495
2962	495
2963	526
2964	505
2965	505
2966	505
2967	505
2968	505
2969	505
2970	505
2971	505
2972	505
2973	505
2974	505
2975	505
2976	505
2977	505
2978	500
2979	500
2980	500
2981	500
2982	500
2983	500
2984	500
2985	500
2986	500
2987	500
2988	500
2989	500
2990	500
2991	500
2992	500
2993	500
2994	500
2995	500
2996	500
2997	500
2998	500
2999	500
3000	500
3001	500
3002	500
3003	500
3004	500
3005	500
3006	500
3007	500
3008	500
3009	493
3010	493
3011	493
3012	493
3013	493
3014	493
3015	493
3016	493
3017	493
3018	493
3019	493
3020	493
3021	493
3022	493
3023	493
3024	493
3025	493
3026	493
3027	493
3028	493
3029	493
3030	493
3031	493
3032	493
3033	493
3034	493
3035	493
3036	493
3037	493
3038	493
3039	493
3040	493
3041	493
3042	493
3043	493
3044	493
3045	493
3046	493
3047	493
3048	493
3049	493
3050	493
3051	493
3052	493
3053	493
3054	493
3055	493
3056	493
3057	493
3058	493
3059	493
3060	493
3061	493
3062	493
3063	493
3064	493
3065	493
3066	493
3067	493
3068	493
3069	493
3070	493
3071	493
3072	493
3073	493
3074	493
3075	493
3076	493
3077	493
3078	493
3079	493
3080	493
3081	493
3082	493
3083	493
3084	493
3085	493
3086	493
3087	493
3088	493
3089	493
3090	493
3091	493
3092	493
3093	493
3094	493
3095	493
3096	493
3097	493
3098	493
3099	493
3100	493
3101	493
3102	493
3103	493
3104	493
3105	493
3106	493
3107	493
3108	493
3109	518
3110	518
3111	518
3112	518
3113	518
3114	505
3115	505
3116	505
3117	505
3118	505
3119	505
3120	505
3121	505
3122	505
3123	502
3124	502
3125	502
3126	502
3127	502
3128	502
3129	502
3130	502
3131	489
3132	489
3133	489
3134	489
3135	489
3136	489
3137	489
3138	489
3139	489
3140	489
3141	489
3142	489
3143	489
3144	489
3145	489
3146	489
3147	489
3148	489
3149	489
3150	489
3151	519
3152	519
3153	519
3154	519
3155	519
3156	519
3157	519
3158	519
3159	491
3160	491
3161	491
3162	491
3163	491
3164	491
3165	491
3166	491
3167	491
3168	491
3169	491
3170	491
3171	491
3172	491
3173	491
3174	491
3175	491
3176	491
3177	491
3178	491
3179	491
3180	491
3181	491
3182	491
3183	491
3184	491
3185	491
3186	491
3187	491
3188	491
3189	491
3190	491
3191	491
3192	491
3193	491
3194	491
3195	491
3196	491
3197	491
3198	491
3199	491
3200	491
3201	491
3202	491
3203	491
3204	491
3205	491
3206	491
3207	491
3208	491
3209	491
3210	491
3211	491
3212	491
3213	491
3214	491
3215	491
3216	491
3217	491
3218	491
3219	491
3220	491
3221	491
3222	491
3223	491
3224	491
3225	491
3226	491
3227	491
3228	491
3229	491
3230	491
3231	491
3232	491
3233	491
3234	491
3235	491
3236	491
3237	491
3238	491
3239	521
3240	499
3241	499
3242	499
3243	499
3244	499
3245	499
3246	499
3247	499
3248	499
3249	499
3250	499
3251	499
3252	499
3253	499
3254	499
3255	499
3256	499
3257	499
3258	530
3259	530
3260	530
3261	530
3262	530
3263	530
3264	530
3265	530
3266	530
3267	530
3268	530
3269	530
3270	530
3271	530
3272	530
3273	530
3274	530
3275	530
3276	530
3277	530
3278	530
3279	530
3280	530
3281	530
3282	530
3283	530
3284	530
3285	530
3286	517
3287	517
3288	517
3289	517
3290	517
3291	517
3292	517
3293	517
3294	517
3295	517
3296	517
3297	517
3298	517
3299	517
3300	517
3301	517
3302	517
3303	517
3304	517
3305	517
3306	517
3307	517
3308	517
3309	517
3310	517
3311	517
3312	517
3313	517
3314	517
3315	517
3316	517
3317	517
3318	517
3319	517
3320	517
3321	517
3322	517
3323	517
3324	517
3325	517
3326	517
3327	517
3328	517
3329	506
3330	506
3331	506
3332	506
3333	506
3334	506
3335	506
3336	506
3337	506
3338	506
3339	506
3340	500
3341	500
3342	500
3343	500
3344	500
3345	500
3346	500
3347	500
3348	500
3349	500
3350	500
3351	500
3352	500
3353	500
3354	500
3355	500
3356	500
3357	500
3358	500
3359	500
3360	500
3361	500
3362	500
3363	500
3364	500
3365	500
3366	500
3367	500
3368	500
3369	500
3370	500
3371	500
3372	500
3373	500
3374	500
3375	500
3376	500
3377	500
3378	500
3379	500
3380	500
3381	500
3382	500
3383	500
3384	500
3385	500
3386	500
3387	500
3388	500
3389	500
3390	500
3391	496
3392	496
3393	496
3394	496
3395	496
3396	496
3397	496
3398	496
3399	496
3400	496
3401	496
3402	496
3403	496
3404	496
3405	496
3406	496
3407	496
3408	496
3409	496
3410	496
3411	496
3412	496
3413	496
3414	496
3415	496
3416	496
3417	496
3418	496
3419	496
3420	496
3421	496
3422	496
3423	496
3424	496
3425	496
3426	496
3427	496
3428	496
3429	496
3430	496
3431	496
3432	496
3433	496
3434	496
3435	496
3436	496
3437	496
3438	496
3439	496
3440	496
3441	496
3442	496
3443	496
3444	496
3445	496
3446	496
3447	496
3448	496
3449	496
3450	496
3451	496
3452	496
3453	496
3454	496
3455	496
3456	496
3457	496
3458	496
3459	496
3460	496
3461	496
3462	496
3463	496
3464	496
3465	496
3466	496
3467	496
3468	496
3469	496
3470	496
3471	496
3472	496
3473	496
3474	496
3475	496
3476	496
3477	496
3478	496
3479	496
3480	496
3481	496
3482	496
3483	496
3484	496
3485	496
3486	523
3487	523
3488	523
3489	523
3490	523
3491	523
3492	523
3493	523
3494	516
3495	516
3496	516
3497	516
3498	516
3499	516
3500	516
3501	516
3502	516
3503	516
3504	516
3505	516
3506	516
3507	516
3508	516
3509	516
3510	516
3511	516
3512	516
3513	516
3514	516
3515	516
3516	516
3517	516
3518	516
3519	516
3520	516
3521	516
3522	516
3523	516
3524	516
3525	516
3526	516
3527	516
3528	516
3529	516
3530	516
3531	516
3532	516
3533	516
3534	516
3535	516
3536	516
3537	516
3538	516
3539	516
3540	516
3541	516
3542	516
3543	516
3544	516
3545	516
3546	516
3547	516
3548	516
3549	516
3550	516
3551	516
3552	516
3553	516
3554	504
3555	504
3556	504
3557	504
3558	504
3559	504
3560	504
3561	504
3562	504
3563	504
3564	504
3565	487
3566	487
3567	487
3568	487
3569	487
3570	487
3571	487
3572	506
3573	506
3574	506
3575	506
3576	506
3577	506
3578	506
3579	506
3580	506
3581	506
3582	506
3583	506
3584	506
3585	506
3586	506
3587	506
3588	506
3589	506
3590	506
3591	506
3592	506
3593	506
3594	506
3595	506
3596	506
3597	506
3598	506
3599	506
3600	506
3601	506
3602	506
3603	506
3604	506
3605	506
3606	506
3607	485
3608	485
3609	512
3610	512
3611	512
3612	512
3613	512
3614	512
3615	512
3616	512
3617	512
3618	512
3619	512
3620	512
3621	512
3622	512
3623	512
3624	512
3625	512
3626	512
3627	512
3628	512
3629	512
3630	512
3631	512
3632	512
3633	512
3634	512
3635	512
3636	512
3637	497
3638	497
3639	497
3640	497
3641	497
3642	497
3643	528
3644	528
3645	528
3646	528
3647	528
3648	528
3649	528
3650	528
3651	528
3652	528
3653	528
3654	528
3655	528
3656	528
3657	528
3658	528
3659	528
3660	528
3661	528
3662	528
3663	528
3664	528
3665	528
3666	528
3667	528
3668	528
3669	528
3670	528
3671	528
3672	528
3673	528
3674	528
3675	528
3676	528
3677	528
3678	528
3679	528
3680	528
3681	528
3682	521
3683	521
3684	521
3685	521
3686	521
3687	521
3688	521
3689	521
3690	521
3691	521
3692	521
3693	521
3694	521
3695	521
3696	497
3697	497
3698	497
3699	497
3700	497
3701	497
3702	497
3703	497
3704	497
3705	497
3706	497
3707	497
3708	497
3709	497
3710	497
3711	497
3712	497
3713	497
3714	497
3715	497
3716	497
3717	497
3718	497
3719	497
3720	497
3721	497
3722	497
3723	497
3724	497
3725	497
3726	497
3727	497
3728	497
3729	497
3730	497
3731	497
3732	497
3733	497
3734	497
3735	497
3736	497
3737	497
3738	497
3739	497
3740	497
3741	497
3742	497
3743	497
3744	497
3745	497
3746	497
3747	497
3748	497
3749	497
3750	497
3751	497
3752	522
3753	522
3754	522
3755	522
3756	522
3757	522
3758	522
3759	522
3760	522
3761	522
3762	522
3763	522
3764	522
3765	522
3766	522
3767	522
3768	522
3769	522
3770	522
3771	522
3772	522
3773	522
3774	522
3775	522
3776	522
3777	522
3778	522
3779	522
3780	522
3781	522
3782	522
3783	522
3784	522
3785	522
3786	522
3787	522
3788	498
3789	500
3790	500
3791	500
3792	500
3793	500
3794	500
3795	500
3796	500
3797	500
3798	476
3799	476
3800	476
3801	476
3802	476
3803	476
3804	476
3805	476
3806	476
3807	476
3808	476
3809	476
3810	476
3811	476
3812	476
3813	476
3814	476
3815	476
3816	476
3817	476
3818	476
3819	476
3820	476
3821	476
3822	476
3823	476
3824	476
3825	476
3826	476
3827	476
3828	476
3829	476
3830	476
3831	476
3832	476
3833	476
3834	476
3835	476
3836	476
3837	476
3838	476
3839	499
3840	499
3841	499
3842	499
3843	499
3844	499
3845	499
3846	499
3847	499
3848	499
3849	499
3850	499
3851	499
3852	499
3853	499
3854	499
3855	499
3856	499
3857	499
3858	499
3859	499
3860	499
3861	499
3862	499
3863	499
3864	499
3865	499
3866	499
3867	499
3868	499
3869	499
3870	499
3871	499
3872	499
3873	499
3874	499
3875	499
3876	499
3877	499
3878	499
3879	499
3880	499
3881	499
3882	499
3883	499
3884	499
3885	499
3886	499
3887	499
3888	499
3889	499
3890	499
3891	499
3892	499
3893	499
3894	499
3895	499
3896	499
3897	499
3898	499
3899	499
3900	499
3901	499
3902	499
3903	499
3904	499
3905	499
3906	499
3907	499
3908	499
3909	499
3910	499
3911	499
3912	499
3913	499
3914	499
3915	499
3916	499
3917	499
3918	499
3919	499
3920	499
3921	499
3922	499
3923	499
3924	499
3925	499
3926	499
3927	499
3928	499
3929	499
3930	499
3931	499
3932	499
3933	499
3934	499
3935	499
3936	499
3937	499
3938	499
3939	499
3940	499
3941	499
3942	499
3943	499
3944	499
3945	499
3946	499
3947	499
3948	499
3949	499
3950	499
3951	499
3952	499
3953	499
3954	499
3955	499
3956	499
3957	499
3958	499
3959	499
3960	499
3961	499
3962	499
3963	499
3964	499
3965	499
3966	499
3967	499
3968	499
3969	499
3970	499
3971	499
3972	499
3973	499
3974	526
3975	526
3976	526
3977	526
3978	526
3979	526
3980	526
3981	526
3982	526
3983	526
3984	526
3985	526
3986	526
3987	526
3988	526
3989	526
3990	526
3991	526
3992	526
3993	526
3994	526
3995	526
3996	526
3997	526
3998	526
3999	526
4000	526
4001	526
4002	498
4003	498
4004	498
4005	498
4006	498
4007	498
4008	498
4009	498
4010	498
4011	498
4012	498
4013	498
4014	498
4015	498
4016	498
4017	498
4018	498
4019	498
4020	498
4021	498
4022	498
4023	498
4024	498
4025	498
4026	498
4027	498
4028	498
4029	497
4030	497
4031	497
4032	497
4033	497
4034	497
4035	497
4036	497
4037	497
4038	497
4039	497
4040	497
4041	497
4042	497
4043	497
4044	496
4045	496
4046	496
4047	496
4048	496
4049	496
4050	496
4051	496
4052	496
4053	496
4054	496
4055	496
4056	496
4057	496
4058	496
4059	496
4060	496
4061	496
4062	496
4063	496
4064	496
4065	496
4066	496
4067	496
4068	496
4069	496
4070	496
4071	496
4072	496
4073	496
4074	496
4075	496
4076	496
4077	526
4078	526
4079	526
4080	526
4081	526
4082	526
4083	526
4084	526
4085	526
4086	526
4087	526
4088	526
4089	526
4090	526
4091	526
4092	526
4093	526
4094	526
4095	526
4096	526
4097	526
4098	526
4099	526
4100	526
4101	526
4102	526
4103	526
4104	526
4105	526
4106	526
4107	526
4108	526
4109	526
4110	526
4111	526
4112	526
4113	526
4114	526
4115	526
4116	526
4117	526
4118	526
4119	526
4120	526
4121	526
4122	515
4123	506
4124	491
4125	491
4126	491
4127	491
4128	491
4129	491
4130	491
4131	491
4132	491
4133	491
4134	491
4135	491
4136	491
4137	491
4138	491
4139	491
4140	491
4141	491
4142	491
4143	491
4144	491
4145	491
4146	491
4147	491
4148	491
4149	491
4150	491
4151	491
4152	491
4153	491
4154	491
4155	491
4156	491
4157	491
4158	491
4159	491
4160	491
4161	491
4162	491
4163	491
4164	491
4165	491
4166	491
4167	491
4168	491
4169	491
4170	491
4171	491
4172	491
4173	491
4174	491
4175	491
4176	491
4177	491
4178	491
4179	491
4180	491
4181	491
4182	491
4183	491
4184	491
4185	491
4186	491
4187	491
4188	491
4189	491
4190	491
4191	491
4192	491
4193	491
4194	491
4195	491
4196	491
4197	491
4198	491
4199	521
4200	521
4201	521
4202	521
4203	521
4204	521
4205	521
4206	521
4207	521
4208	521
4209	521
4210	521
4211	521
4212	521
4213	521
4214	521
4215	521
4216	521
4217	521
4218	521
4219	521
4220	521
4221	521
4222	521
4223	521
4224	521
4225	521
4226	521
4227	521
4228	521
4229	521
4230	521
4231	521
4232	521
4233	521
4234	521
4235	521
4236	521
4237	503
4238	503
4239	503
4240	503
4241	503
4242	503
4243	503
4244	503
4245	503
4246	503
4247	503
4248	503
4249	503
4250	503
4251	503
4252	503
4253	503
4254	503
4255	503
4256	503
4257	503
4258	503
4259	503
4260	503
4261	503
4262	503
4263	503
4264	503
4265	503
4266	503
4267	503
4268	503
4269	503
4270	503
4271	503
4272	503
4273	503
4274	503
4275	503
4276	503
4277	503
4278	503
4279	503
4280	503
4281	503
4282	503
4283	503
4284	503
4285	503
4286	503
4287	503
4288	503
4289	503
4290	503
4291	503
4292	503
4293	503
4294	503
4295	503
4296	503
4297	503
4298	503
4299	503
4300	503
4301	503
4302	503
4303	494
4304	494
4305	494
4306	494
4307	494
4308	494
4309	494
4310	494
4311	494
4312	494
4313	494
4314	494
4315	494
4316	494
4317	494
4318	494
4319	494
4320	494
4321	494
4322	494
4323	494
4324	494
4325	494
4326	494
4327	494
4328	494
4329	494
4330	494
4331	494
4332	494
4333	494
4334	494
4335	494
4336	494
4337	494
4338	494
4339	494
4340	494
4341	494
4342	494
4343	494
4344	494
4345	494
4346	494
4347	494
4348	494
4349	494
4350	494
4351	494
4352	494
4353	494
4354	494
4355	494
4356	494
4357	494
4358	494
4359	494
4360	494
4361	494
4362	494
4363	494
4364	494
4365	494
4366	494
4367	494
4368	494
4369	494
4370	494
4371	494
4372	494
4373	494
4374	494
4375	494
4376	494
4377	494
4378	494
4379	494
4380	494
4381	494
4382	494
4383	494
4384	494
4385	494
4386	494
4387	494
4388	494
4389	494
4390	494
4391	494
4392	494
4393	494
4394	494
4395	494
4396	494
4397	494
4398	494
4399	494
4400	494
4401	494
4402	494
4403	494
4404	494
4405	494
4406	494
4407	494
4408	494
4409	494
4410	494
4411	494
4412	494
4413	494
4414	494
4415	494
4416	494
4417	494
4418	494
4419	494
4420	494
4421	494
4422	494
4423	494
4424	494
4425	494
4426	494
4427	494
4428	494
4429	494
4430	494
4431	494
4432	494
4433	494
4434	494
4435	494
4436	494
4437	494
4438	494
4439	494
4440	494
4441	494
4442	519
4443	519
4444	519
4445	519
4446	519
4447	519
4448	519
4449	519
4450	519
4451	519
4452	516
4453	516
4454	516
4455	516
4456	516
4457	516
4458	516
4459	502
4460	502
4461	502
4462	502
4463	502
4464	502
4465	502
4466	502
4467	502
4468	502
4469	502
4470	502
4471	502
4472	502
4473	502
4474	502
4475	476
4476	476
4477	476
4478	476
4479	476
4480	476
4481	506
4482	506
4483	506
4484	506
4485	506
4486	506
4487	506
4488	506
4489	506
4490	506
4491	506
4492	506
4493	497
4494	497
4495	497
4496	497
4497	497
4498	497
4499	497
4500	497
4501	497
4502	497
4503	497
4504	497
4505	497
4506	497
4507	497
4508	497
4509	497
4510	497
4511	497
4512	497
4513	497
4514	497
4515	497
4516	497
4517	497
4518	497
4519	497
4520	497
4521	497
4522	497
4523	497
4524	497
4525	497
4526	497
4527	497
4528	497
4529	497
4530	497
4531	497
4532	497
4533	497
4534	497
4535	497
4536	497
4537	497
4538	497
4539	497
4540	497
4541	497
4542	497
4543	497
4544	497
4545	497
4546	497
4547	497
4548	497
4549	497
4550	497
4551	497
4552	497
4553	497
4554	497
4555	497
4556	497
4557	497
4558	497
4559	497
4560	497
4561	497
4562	497
4563	497
4564	524
4565	524
4566	524
4567	524
4568	524
4569	496
4570	526
4571	526
4572	526
4573	526
4574	526
4575	526
4576	505
4577	505
4578	505
4579	505
4580	505
4581	505
4582	505
4583	505
4584	505
4585	505
4586	505
4587	505
4588	505
4589	505
4590	505
4591	505
4592	505
4593	505
4594	505
4595	505
4596	505
4597	505
4598	505
4599	505
4600	505
4601	505
4602	505
4603	505
4604	505
4605	505
4606	505
4607	505
4608	505
4609	505
4610	505
4611	505
4612	505
4613	505
4614	505
4615	505
4616	505
4617	505
4618	505
4619	505
4620	505
4621	505
4622	505
4623	505
4624	505
4625	505
4626	505
4627	505
4628	505
4629	505
4630	505
4631	505
4632	505
4633	505
4634	505
4635	505
4636	505
4637	505
4638	505
4639	505
4640	505
4641	505
4642	505
4643	505
4644	505
4645	505
4646	505
4647	505
4648	505
4649	505
4650	505
4651	505
4652	505
4653	505
4654	505
4655	505
4656	505
4657	505
4658	505
4659	505
4660	505
4661	505
4662	505
4663	505
4664	505
4665	505
4666	505
4667	505
4668	505
4669	505
4670	505
4671	505
4672	505
4673	505
4674	505
4675	505
4676	505
4677	505
4678	487
4679	487
4680	487
4681	487
4682	487
4683	487
4684	487
4685	487
4686	487
4687	487
4688	487
4689	487
4690	487
4691	487
4692	487
4693	487
4694	487
4695	487
4696	487
4697	487
4698	487
4699	487
4700	487
4701	487
4702	487
4703	514
4704	514
4705	514
4706	514
4707	514
4708	514
4709	514
4710	514
4711	514
4712	514
4713	514
4714	514
4715	514
4716	502
4717	502
4718	502
4719	494
4720	494
4721	494
4722	494
4723	494
4724	494
4725	494
4726	494
4727	494
4728	494
4729	494
4730	494
4731	494
4732	493
4733	493
4734	493
4735	493
4736	493
4737	493
4738	493
4739	493
4740	493
4741	493
4742	493
4743	493
4744	493
4745	493
4746	493
4747	493
4748	493
4749	493
4750	493
4751	493
4752	493
4753	493
4754	493
4755	493
4756	493
4757	493
4758	493
4759	493
4760	493
4761	493
4762	493
4763	493
4764	493
4765	493
4766	493
4767	493
4768	493
4769	493
4770	493
4771	493
4772	493
4773	493
4774	493
4775	493
4776	493
4777	493
4778	493
4779	493
4780	493
4781	493
4782	493
4783	493
4784	493
4785	493
4786	493
4787	493
4788	493
4789	493
4790	493
4791	493
4792	493
4793	493
4794	493
4795	493
4796	493
4797	493
4798	493
4799	493
4800	493
4801	493
4802	493
4803	493
4804	493
4805	493
4806	493
4807	493
4808	493
4809	493
4810	493
4811	493
4812	493
4813	493
4814	493
4815	493
4816	493
4817	493
4818	493
4819	493
4820	493
4821	493
4822	493
4823	493
4824	493
4825	493
4826	493
4827	493
4828	493
4829	493
4830	493
4831	493
4832	493
4833	493
4834	493
4835	493
4836	493
4837	493
4838	493
4839	493
4840	493
4841	493
4842	493
4843	493
4844	493
4845	493
4846	493
4847	493
4848	493
4849	493
4850	493
4851	493
4852	493
4853	493
4854	493
4855	493
4856	493
4857	493
4858	493
4859	493
4860	493
4861	493
4862	493
4863	493
4864	493
4865	493
4866	493
4867	493
4868	493
4869	493
4870	493
4871	493
4872	493
4873	493
4874	493
4875	493
4876	493
4877	493
4878	493
4879	493
4880	493
4881	493
4882	493
4883	493
4884	493
4885	493
4886	493
4887	493
4888	493
4889	493
4890	493
4891	493
4892	493
4893	493
4894	493
4895	493
4896	493
4897	493
4898	493
4899	493
4900	493
4901	493
4902	493
4903	493
4904	493
4905	493
4906	493
4907	493
4908	493
4909	493
4910	493
4911	493
4912	493
4913	493
4914	493
4915	493
4916	493
4917	493
4918	493
4919	493
4920	493
4921	493
4922	493
4923	493
4924	493
4925	493
4926	493
4927	493
4928	493
4929	493
4930	493
4931	493
4932	493
4933	493
4934	493
4935	493
4936	493
4937	493
4938	493
4939	493
4940	493
4941	493
4942	493
4943	493
4944	493
4945	493
4946	493
4947	493
4948	493
4949	493
4950	493
4951	493
4952	493
4953	493
4954	493
4955	493
4956	493
4957	493
4958	493
4959	493
4960	493
4961	493
4962	493
4963	493
4964	493
4965	493
4966	493
4967	493
4968	493
4969	493
4970	493
4971	493
4972	493
4973	493
4974	493
4975	493
4976	493
4977	493
4978	493
4979	493
4980	493
4981	493
4982	493
4983	493
4984	493
4985	493
4986	493
4987	493
4988	493
4989	493
4990	493
4991	493
4992	493
4993	493
4994	493
4995	493
4996	493
4997	493
4998	493
4999	493
5000	493
5001	493
5002	493
5003	493
5004	493
5005	493
5006	493
5007	493
5008	493
5009	493
5010	493
5011	493
5012	493
5013	493
5014	493
5015	493
5016	493
5017	493
5018	493
5019	493
5020	493
5021	493
5022	493
5023	493
5024	493
5025	493
5026	493
5027	493
5028	493
5029	493
5030	493
5031	493
5032	493
5033	493
5034	493
5035	493
5036	493
5037	493
5038	493
5039	493
5040	493
5041	493
5042	493
5043	493
5044	493
5045	493
5046	493
5047	493
5048	493
5049	493
5050	493
5051	493
5052	493
5053	493
5054	493
5055	493
5056	493
5057	493
5058	493
5059	493
5060	493
5061	493
5062	493
5063	493
5064	493
5065	493
5066	493
5067	493
5068	493
5069	493
5070	493
5071	493
5072	493
5073	493
5074	493
5075	493
5076	493
5077	493
5078	493
5079	493
5080	493
5081	493
5082	493
5083	493
5084	493
5085	493
5086	493
5087	493
5088	493
5089	493
5090	493
5091	493
5092	493
5093	493
5094	493
5095	493
5096	496
5097	496
5098	496
5099	496
5100	496
5101	496
5102	496
5103	496
5104	496
5105	496
5106	496
5107	496
5108	496
5109	496
5110	496
5111	496
5112	496
5113	496
5114	496
5115	496
5116	496
5117	496
5118	496
5119	496
5120	496
5121	496
5122	496
5123	496
5124	496
5125	500
5126	500
5127	500
5128	500
5129	500
5130	500
5131	500
5132	500
5133	500
5134	500
5135	500
5136	480
5137	480
5138	480
5139	480
5140	480
5141	480
5142	480
5143	480
5144	480
5145	480
5146	480
5147	480
5148	480
5149	480
5150	480
5151	480
5152	480
5153	480
5154	480
5155	480
5156	480
5157	480
5158	480
5159	480
5160	480
5161	480
5162	480
5163	480
5164	480
5165	480
5166	480
5167	480
5168	480
5169	480
5170	480
5171	480
5172	480
5173	480
5174	480
5175	480
5176	480
5177	480
5178	480
5179	480
5180	480
5181	480
5182	480
5183	480
5184	480
5185	480
5186	480
5187	480
5188	480
5189	480
5190	480
5191	480
5192	480
5193	480
5194	480
5195	480
5196	480
5197	480
5198	499
5199	499
5200	499
5201	499
5202	499
5203	499
5204	499
5205	499
5206	499
5207	499
5208	499
5209	499
5210	499
5211	499
5212	499
5213	499
5214	499
5215	499
5216	499
5217	499
5218	499
5219	499
5220	499
5221	499
5222	499
5223	502
5224	502
5225	502
5226	502
5227	502
5228	502
5229	502
5230	502
5231	502
5232	502
5233	502
5234	476
5235	476
5236	476
5237	476
5238	476
5239	476
5240	476
5241	476
5242	476
5243	476
5244	476
5245	476
5246	476
5247	476
5248	476
5249	476
5250	476
5251	476
5252	476
5253	476
5254	476
5255	476
5256	476
5257	501
5258	501
5259	501
5260	501
5261	501
5262	501
5263	501
5264	501
5265	484
5266	484
5267	484
5268	484
5269	484
5270	484
5271	484
5272	484
5273	484
5274	484
5275	484
5276	484
5277	484
5278	484
5279	484
5280	484
5281	484
5282	484
5283	484
5284	484
5285	484
5286	484
5287	484
5288	484
5289	484
5290	484
5291	484
5292	484
5293	484
5294	484
5295	484
5296	484
5297	484
5298	484
5299	484
5300	484
5301	484
5302	484
5303	484
5304	484
5305	484
5306	484
5307	484
5308	484
5309	484
5310	484
5311	484
5312	484
5313	484
5314	484
5315	484
5316	484
5317	484
5318	484
5319	484
5320	484
5321	484
5322	484
5323	484
5324	484
5325	484
5326	484
5327	484
5328	484
5329	484
5330	484
5331	484
5332	484
5333	484
5334	484
5335	484
5336	484
5337	484
5338	484
5339	484
5340	484
5341	484
5342	484
5343	484
5344	484
5345	484
5346	484
5347	484
5348	511
5349	511
5350	511
5351	511
5352	511
5353	511
5354	511
5355	511
5356	511
5357	511
5358	511
5359	511
5360	511
5361	511
5362	507
5363	507
5364	507
5365	507
5366	507
5367	507
5368	507
5369	507
5370	507
5371	503
5372	503
5373	503
5374	503
5375	503
5376	503
5377	503
5378	503
5379	503
5380	503
5381	503
5382	503
5383	503
5384	503
5385	503
5386	503
5387	503
5388	503
5389	503
5390	503
5391	503
5392	503
5393	503
5394	503
5395	503
5396	503
5397	503
5398	503
5399	503
5400	503
5401	503
5402	503
5403	503
5404	503
5405	503
5406	503
5407	503
5408	503
5409	503
5410	503
5411	503
5412	503
5413	503
5414	503
5415	503
5416	489
5417	489
5418	516
5419	516
5420	516
5421	516
5422	516
5423	516
5424	516
5425	516
5426	516
5427	516
5428	516
5429	516
5430	516
5431	516
5432	516
5433	516
5434	516
5435	499
5436	499
5437	499
5438	499
5439	499
5440	499
5441	499
5442	499
5443	499
5444	499
5445	499
5446	499
5447	499
5448	499
5449	499
5450	499
5451	499
5452	499
5453	499
5454	499
5455	499
5456	499
5457	499
5458	499
5459	499
5460	499
5461	499
5462	499
5463	499
5464	499
5465	499
5466	499
5467	499
5468	499
5469	499
5470	499
5471	499
5472	499
5473	499
5474	499
5475	499
5476	499
5477	499
5478	499
5479	499
5480	499
5481	499
5482	499
5483	499
5484	499
5485	499
5486	499
5487	499
5488	499
5489	499
5490	499
5491	499
5492	499
5493	499
5494	499
5495	499
5496	499
5497	499
5498	499
5499	499
5500	499
5501	499
5502	499
5503	499
5504	499
5505	499
5506	499
5507	499
5508	499
5509	499
5510	522
5511	522
5512	522
5513	515
5514	515
5515	515
5516	515
5517	515
5518	515
5519	515
5520	515
5521	515
5522	515
5523	515
5524	515
5525	515
5526	515
5527	515
5528	515
5529	515
5530	515
5531	515
5532	515
5533	489
5534	489
5535	489
5536	489
5537	489
5538	489
5539	489
5540	489
5541	489
5542	489
5543	489
5544	489
5545	489
5546	489
5547	489
5548	489
5549	489
5550	489
5551	489
5552	489
5553	489
5554	489
5555	489
5556	489
5557	489
5558	489
5559	489
5560	489
5561	489
5562	489
5563	489
5564	489
5565	489
5566	489
5567	489
5568	489
5569	489
5570	489
5571	489
5572	489
5573	489
5574	489
5575	489
5576	489
5577	489
5578	489
5579	489
5580	489
5581	489
5582	489
5583	489
5584	489
5585	489
5586	489
5587	520
5588	520
5589	520
5590	520
5591	520
5592	520
5593	520
5594	520
5595	520
5596	520
5597	520
5598	520
5599	520
5600	520
5601	520
5602	520
5603	520
5604	520
5605	520
5606	520
5607	520
5608	520
5609	520
5610	520
5611	520
5612	520
5613	520
5614	520
5615	520
5616	520
5617	520
5618	520
5619	520
5620	520
5621	520
5622	520
5623	520
5624	520
5625	520
5626	520
5627	520
5628	520
5629	520
5630	520
5631	520
5632	520
5633	520
5634	520
5635	520
5636	520
5637	520
5638	517
5639	517
5640	517
5641	517
5642	517
5643	517
5644	517
5645	517
5646	517
5647	517
5648	517
5649	517
5650	517
5651	517
5652	517
5653	517
5654	517
5655	517
5656	517
5657	517
5658	517
5659	517
5660	515
5661	515
5662	515
5663	515
5664	515
5665	501
5666	501
5667	501
5668	501
5669	501
5670	501
5671	501
5672	501
5673	501
5674	501
5675	501
5676	501
5677	501
5678	501
5679	501
5680	501
5681	501
5682	501
5683	501
5684	501
5685	501
5686	501
5687	501
5688	501
5689	501
5690	492
5691	492
5692	492
5693	492
5694	492
5695	492
5696	492
5697	492
5698	492
5699	492
5700	492
5701	492
5702	492
5703	492
5704	492
5705	492
5706	492
5707	492
5708	492
5709	492
5710	492
5711	492
5712	492
5713	492
5714	492
5715	492
5716	492
5717	492
5718	492
5719	492
5720	492
5721	492
5722	492
5723	492
5724	492
5725	492
5726	492
5727	492
5728	492
5729	492
5730	492
5731	492
5732	492
5733	492
5734	492
5735	492
5736	492
5737	492
5738	492
5739	492
5740	492
5741	492
5742	492
5743	492
5744	492
5745	492
5746	492
5747	492
5748	492
5749	492
5750	492
5751	492
5752	492
5753	492
5754	492
5755	492
5756	492
5757	492
5758	492
5759	492
5760	492
5761	492
5762	492
5763	492
5764	492
5765	492
5766	492
5767	492
5768	492
5769	492
5770	492
5771	492
5772	492
5773	492
5774	492
5775	492
5776	492
5777	492
5778	492
5779	492
5780	492
5781	492
5782	492
5783	492
5784	492
5785	492
5786	492
5787	492
5788	492
5789	492
5790	492
5791	492
5792	492
5793	492
5794	492
5795	492
5796	492
5797	492
5798	492
5799	492
5800	492
5801	492
5802	492
5803	492
5804	492
5805	492
5806	492
5807	492
5808	492
5809	492
5810	492
5811	492
5812	492
5813	492
5814	492
5815	492
5816	492
5817	492
5818	492
5819	492
5820	492
5821	492
5822	492
5823	492
5824	492
5825	492
5826	492
5827	492
5828	492
5829	492
5830	492
5831	492
5832	492
5833	492
5834	492
5835	492
5836	492
5837	492
5838	492
5839	492
5840	492
5841	492
5842	492
5843	492
5844	492
5845	492
5846	492
5847	492
5848	492
5849	492
5850	492
5851	492
5852	492
5853	492
5854	492
5855	492
5856	492
5857	492
5858	492
5859	492
5860	492
5861	492
5862	492
5863	492
5864	492
5865	492
5866	492
5867	492
5868	492
5869	492
5870	492
5871	492
5872	492
5873	492
5874	492
5875	492
5876	492
5877	492
5878	492
5879	492
5880	492
5881	492
5882	492
5883	492
5884	492
5885	492
5886	492
5887	492
5888	492
5889	492
5890	492
5891	492
5892	492
5893	492
5894	492
5895	492
5896	492
5897	492
5898	492
5899	492
5900	492
5901	492
5902	492
5903	492
5904	492
5905	492
5906	492
5907	492
5908	492
5909	492
5910	492
5911	492
5912	492
5913	492
5914	492
5915	492
5916	492
5917	492
5918	492
5919	492
5920	492
5921	492
5922	492
5923	492
5924	492
5925	492
5926	492
5927	492
5928	492
5929	492
5930	492
5931	492
5932	492
5933	492
5934	492
5935	492
5936	492
5937	492
5938	492
5939	492
5940	492
5941	492
5942	492
5943	492
5944	492
5945	492
5946	492
5947	492
5948	492
5949	492
5950	492
5951	492
5952	492
5953	492
5954	492
5955	492
5956	492
5957	492
5958	492
5959	492
5960	492
5961	492
5962	492
5963	492
5964	492
5965	492
5966	492
5967	492
5968	492
5969	492
5970	492
5971	492
5972	492
5973	492
5974	492
5975	492
5976	492
5977	492
5978	492
5979	492
5980	492
5981	492
5982	492
5983	492
5984	492
5985	492
5986	492
5987	492
5988	492
5989	492
5990	492
5991	492
5992	492
5993	492
5994	492
5995	492
5996	492
5997	492
5998	492
5999	492
6000	492
6001	492
6002	492
6003	492
6004	492
6005	492
6006	492
6007	492
6008	492
6009	492
6010	492
6011	492
6012	492
6013	492
6014	492
6015	492
6016	492
6017	492
6018	492
6019	492
6020	492
6021	492
6022	492
6023	492
6024	492
6025	492
6026	492
6027	492
6028	492
6029	492
6030	492
6031	515
6032	515
6033	515
6034	515
6035	515
6036	515
6037	515
6038	515
6039	515
6040	515
6041	515
6042	507
6043	507
6044	507
6045	507
6046	507
6047	507
6048	507
6049	507
6050	507
6051	507
6052	507
6053	507
6054	505
6055	505
6056	505
6057	505
6058	505
6059	505
6060	505
6061	505
6062	505
6063	505
6064	505
6065	505
6066	505
6067	505
6068	505
6069	505
6070	505
6071	505
6072	505
6073	505
6074	505
6075	505
6076	505
6077	505
6078	505
6079	505
6080	505
6081	505
6082	483
6083	483
6084	483
6085	483
6086	483
6087	483
6088	483
6089	483
6090	510
6091	510
6092	510
6093	510
6094	510
6095	510
6096	510
6097	510
6098	510
6099	510
6100	510
6101	495
6102	495
6103	495
6104	495
6105	495
6106	495
6107	495
6108	495
6109	495
6110	495
6111	495
6112	495
6113	495
6114	495
6115	495
6116	495
6117	495
6118	495
6119	495
6120	495
6121	495
6122	495
6123	495
6124	514
6125	514
6126	514
6127	514
6128	514
6129	514
6130	514
6131	514
6132	514
6133	514
6134	514
6135	514
6136	514
6137	514
6138	514
6139	514
6140	514
6141	514
6142	514
6143	514
6144	514
6145	514
6146	514
6147	514
6148	514
6149	514
6150	514
6151	514
6152	514
6153	514
6154	514
6155	514
6156	514
6157	514
6158	514
6159	514
6160	514
6161	514
6162	514
6163	514
6164	514
6165	514
6166	514
6167	514
6168	514
6169	514
6170	514
6171	514
6172	514
6173	514
6174	514
6175	514
6176	514
6177	514
6178	514
6179	514
6180	514
6181	514
6182	514
6183	514
6184	514
6185	514
6186	514
6187	514
6188	514
6189	514
6190	514
6191	514
6192	514
6193	514
6194	514
6195	514
6196	514
6197	514
6198	514
6199	514
6200	514
6201	514
6202	514
6203	514
6204	514
6205	514
6206	499
6207	499
6208	499
6209	499
6210	499
6211	499
6212	499
6213	499
6214	499
6215	499
6216	499
6217	499
6218	502
6219	502
6220	496
6221	496
6222	496
6223	496
6224	496
6225	496
6226	496
6227	496
6228	496
6229	496
6230	496
6231	496
6232	496
6233	496
6234	496
6235	496
6236	496
6237	496
6238	496
6239	496
6240	496
6241	496
6242	496
6243	496
6244	496
6245	496
6246	496
6247	496
6248	496
6249	496
6250	496
6251	496
6252	496
6253	496
6254	523
6255	523
6256	523
6257	523
6258	523
6259	523
6260	523
6261	523
6262	523
6263	523
6264	523
6265	523
6266	523
6267	523
6268	523
6269	523
6270	523
6271	523
6272	523
6273	523
6274	523
6275	523
6276	523
6277	523
6278	523
6279	523
6280	523
6281	523
6282	523
6283	523
6284	523
6285	523
6286	494
6287	494
6288	494
6289	494
6290	494
6291	494
6292	494
6293	494
6294	494
6295	494
6296	494
6297	494
6298	494
6299	494
6300	494
6301	494
6302	494
6303	494
6304	494
6305	494
6306	494
6307	494
6308	494
6309	494
6310	494
6311	494
6312	525
6313	525
6314	525
6315	525
6316	525
6317	525
6318	492
6319	492
6320	492
6321	492
6322	492
6323	492
6324	492
6325	492
6326	492
6327	492
6328	492
6329	492
6330	492
6331	492
6332	492
6333	492
6334	492
6335	492
6336	492
6337	492
6338	492
6339	492
6340	492
6341	492
6342	492
6343	492
6344	492
6345	492
6346	492
6347	492
6348	492
6349	492
6350	492
6351	492
6352	492
6353	492
6354	492
6355	492
6356	492
6357	492
6358	492
6359	492
6360	492
6361	492
6362	492
6363	492
6364	492
6365	492
6366	492
6367	492
6368	492
6369	492
6370	492
6371	492
6372	492
6373	492
6374	492
6375	492
6376	492
6377	492
6378	492
6379	492
6380	492
6381	492
6382	492
6383	492
6384	492
6385	492
6386	492
6387	492
6388	492
6389	492
6390	492
6391	492
6392	492
6393	492
6394	492
6395	492
6396	492
6397	492
6398	492
6399	492
6400	492
6401	492
6402	492
6403	492
6404	492
6405	492
6406	492
6407	492
6408	515
6409	515
6410	515
6411	515
6412	515
6413	515
6414	515
6415	515
6416	515
6417	515
6418	509
6419	509
6420	503
6421	503
6422	503
6423	503
6424	503
6425	503
6426	503
6427	503
6428	503
6429	503
6430	503
6431	503
6432	503
6433	503
6434	503
6435	503
6436	503
6437	503
6438	503
6439	503
6440	503
6441	503
6442	503
6443	503
6444	503
6445	503
6446	503
6447	503
6448	491
6449	491
6450	491
6451	491
6452	491
6453	491
6454	491
6455	491
6456	491
6457	491
6458	491
6459	491
6460	491
6461	491
6462	491
6463	491
6464	491
6465	491
6466	491
6467	491
6468	491
6469	491
6470	491
6471	491
6472	491
6473	491
6474	491
6475	491
6476	491
6477	491
6478	491
6479	491
6480	491
6481	491
6482	491
6483	491
6484	491
6485	491
6486	491
6487	491
6488	491
6489	491
6490	491
6491	491
6492	491
6493	491
6494	491
6495	491
6496	491
6497	491
6498	491
6499	491
6500	491
6501	491
6502	491
6503	491
6504	491
6505	491
6506	491
6507	491
6508	491
6509	491
6510	491
6511	491
6512	491
6513	491
6514	491
6515	491
6516	491
6517	491
6518	491
6519	491
6520	491
6521	491
6522	491
6523	491
6524	491
6525	491
6526	491
6527	491
6528	491
6529	491
6530	491
6531	491
6532	491
6533	491
6534	491
6535	491
6536	491
6537	491
6538	491
6539	491
6540	491
6541	491
6542	491
6543	491
6544	491
6545	491
6546	491
6547	491
6548	491
6549	491
6550	491
6551	491
6552	491
6553	491
6554	491
6555	491
6556	491
6557	491
6558	491
6559	491
6560	491
6561	491
6562	491
6563	491
6564	491
6565	491
6566	491
6567	491
6568	491
6569	491
6570	491
6571	491
6572	491
6573	491
6574	491
6575	491
6576	491
6577	491
6578	491
6579	491
6580	491
6581	491
6582	491
6583	491
6584	491
6585	491
6586	491
6587	491
6588	491
6589	491
6590	491
6591	491
6592	491
6593	491
6594	491
6595	491
6596	491
6597	491
6598	491
6599	491
6600	491
6601	491
6602	491
6603	491
6604	491
6605	491
6606	491
6607	491
6608	491
6609	491
6610	491
6611	491
6612	491
6613	491
6614	491
6615	491
6616	491
6617	491
6618	491
6619	491
6620	491
6621	491
6622	491
6623	491
6624	491
6625	491
6626	491
6627	491
6628	491
6629	491
6630	491
6631	491
6632	510
6633	510
6634	510
6635	510
6636	510
6637	510
6638	510
6639	510
6640	510
6641	510
6642	510
6643	510
6644	510
6645	510
6646	510
6647	510
6648	510
6649	510
6650	510
6651	510
6652	495
6653	495
6654	495
6655	495
6656	495
6657	495
6658	495
6659	495
6660	495
6661	495
6662	495
6663	495
6664	495
6665	495
6666	495
6667	495
6668	495
6669	495
6670	495
6671	495
6672	495
6673	495
6674	495
6675	499
6676	499
6677	499
6678	499
6679	499
6680	499
6681	499
6682	499
6683	499
6684	499
6685	499
6686	499
6687	499
6688	499
6689	499
6690	499
6691	499
6692	499
6693	499
6694	499
6695	499
6696	499
6697	499
6698	499
6699	499
6700	499
6701	499
6702	499
6703	499
6704	499
6705	499
6706	499
6707	499
6708	499
6709	499
6710	499
6711	499
6712	499
6713	499
6714	499
6715	499
6716	499
6717	499
6718	499
6719	499
6720	503
6721	503
6722	503
6723	503
6724	503
6725	503
6726	503
6727	503
6728	503
6729	503
6730	503
6731	503
6732	503
6733	503
6734	503
6735	503
6736	503
6737	503
6738	503
6739	503
6740	503
6741	503
6742	503
6743	503
6744	503
6745	503
6746	503
6747	503
6748	503
6749	503
6750	503
6751	503
6752	503
6753	503
6754	503
6755	503
6756	503
6757	503
6758	503
6759	503
6760	503
6761	503
6762	503
6763	502
6764	481
6765	481
6766	481
6767	506
6768	506
6769	506
6770	506
6771	506
6772	506
6773	506
6774	506
6775	506
6776	506
6777	506
6778	506
6779	506
6780	506
6781	506
6782	506
6783	506
6784	506
6785	484
6786	484
6787	484
6788	484
6789	484
6790	484
6791	484
6792	484
6793	484
6794	484
6795	484
6796	484
6797	484
6798	484
6799	484
6800	484
6801	484
6802	484
6803	484
6804	484
6805	484
6806	484
6807	484
6808	484
6809	484
6810	484
6811	484
6812	484
6813	484
6814	484
6815	484
6816	484
6817	484
6818	484
6819	484
6820	484
6821	484
6822	484
6823	484
6824	484
6825	484
6826	484
6827	484
6828	484
6829	484
6830	484
6831	484
6832	484
6833	484
6834	484
6835	484
6836	484
6837	484
6838	484
6839	484
6840	484
6841	484
6842	484
6843	484
6844	484
6845	484
6846	484
6847	484
6848	484
6849	484
6850	484
6851	484
6852	484
6853	484
6854	484
6855	484
6856	484
6857	484
6858	484
6859	484
6860	484
6861	484
6862	484
6863	484
6864	484
6865	484
6866	484
6867	484
6868	484
6869	484
6870	484
6871	484
6872	484
6873	484
6874	484
6875	484
6876	484
6877	484
6878	484
6879	484
6880	484
6881	484
6882	484
6883	484
6884	484
6885	484
6886	484
6887	484
6888	484
6889	484
6890	484
6891	484
6892	484
6893	484
6894	484
6895	484
6896	484
6897	514
6898	514
6899	514
6900	514
6901	514
6902	514
6903	514
6904	514
6905	514
6906	514
6907	514
6908	514
6909	514
6910	514
6911	514
6912	514
6913	514
6914	481
6915	481
6916	481
6917	481
6918	481
6919	481
6920	481
6921	481
6922	481
6923	481
6924	481
6925	481
6926	481
6927	481
6928	481
6929	481
6930	504
6931	504
6932	504
6933	504
6934	504
6935	504
6936	504
6937	504
6938	504
6939	504
6940	504
6941	504
6942	504
6943	504
6944	504
6945	504
6946	504
6947	504
6948	504
6949	504
6950	504
6951	504
6952	504
6953	504
6954	504
6955	504
6956	504
6957	504
6958	504
6959	504
6960	504
6961	504
6962	504
6963	504
6964	504
6965	504
6966	504
6967	504
6968	504
6969	504
6970	504
6971	504
6972	504
6973	504
6974	504
6975	504
6976	504
6977	501
6978	501
6979	501
6980	501
6981	501
6982	501
6983	501
6984	501
6985	501
6986	501
6987	501
6988	501
6989	501
6990	501
6991	501
6992	501
6993	501
6994	501
6995	501
6996	501
6997	501
6998	501
6999	501
7000	501
7001	501
7002	501
7003	501
7004	501
7005	501
7006	501
7007	501
7008	501
7009	501
7010	501
7011	501
7012	501
7013	501
7014	501
7015	501
7016	501
7017	501
7018	501
7019	501
7020	501
7021	501
7022	501
7023	501
7024	501
7025	501
7026	501
7027	501
7028	501
7029	501
7030	501
7031	501
7032	501
7033	501
7034	501
7035	501
7036	501
7037	501
7038	501
7039	501
7040	501
7041	501
7042	501
7043	501
7044	501
7045	501
7046	501
7047	485
7048	485
7049	485
7050	485
7051	485
7052	485
7053	485
7054	485
7055	485
7056	485
7057	485
7058	485
7059	485
7060	485
7061	485
7062	485
7063	485
7064	485
7065	485
7066	485
7067	485
7068	485
7069	485
7070	485
7071	485
7072	485
7073	485
7074	485
7075	485
7076	485
7077	485
7078	485
7079	485
7080	485
7081	485
7082	485
7083	485
7084	485
7085	485
7086	485
7087	485
7088	485
7089	485
7090	485
7091	485
7092	485
7093	485
7094	485
7095	487
7096	487
7097	487
7098	487
7099	487
7100	487
7101	487
7102	487
7103	487
7104	487
7105	487
7106	487
7107	487
7108	487
7109	487
7110	487
7111	487
7112	487
7113	487
7114	487
7115	487
7116	487
7117	487
7118	487
7119	487
7120	487
7121	487
7122	487
7123	512
7124	512
7125	512
7126	512
7127	512
7128	512
7129	512
7130	512
7131	512
7132	512
7133	512
7134	512
7135	492
7136	492
7137	492
7138	492
7139	492
7140	492
7141	492
7142	492
7143	492
7144	492
7145	511
7146	511
7147	493
7148	493
7149	493
7150	493
7151	493
7152	493
7153	493
7154	493
7155	493
7156	493
7157	493
7158	493
7159	493
7160	493
7161	493
7162	493
7163	493
7164	493
7165	493
7166	493
7167	493
7168	493
7169	493
7170	493
7171	493
7172	493
7173	493
7174	493
7175	493
7176	493
7177	493
7178	493
7179	493
7180	493
7181	493
7182	493
7183	493
7184	493
7185	493
7186	493
7187	493
7188	493
7189	493
7190	493
7191	493
7192	493
7193	493
7194	493
7195	493
7196	493
7197	493
7198	493
7199	493
7200	493
7201	493
7202	493
7203	493
7204	493
7205	493
7206	493
7207	493
7208	493
7209	493
7210	493
7211	493
7212	493
7213	493
7214	493
7215	493
7216	493
7217	520
7218	520
7219	520
7220	520
7221	520
7222	520
7223	520
7224	520
7225	520
7226	520
7227	520
7228	520
7229	520
7230	520
7231	520
7232	520
7233	520
7234	520
7235	520
7236	520
7237	520
7238	506
7239	506
7240	478
7241	478
7242	478
7243	478
7244	478
7245	478
7246	478
7247	478
7248	478
7249	478
7250	478
7251	478
7252	478
7253	478
7254	478
7255	478
7256	478
7257	478
7258	478
7259	478
7260	478
7261	478
7262	478
7263	478
7264	478
7265	478
7266	478
7267	478
7268	478
7269	478
7270	478
7271	478
7272	478
7273	478
7274	478
7275	478
7276	478
7277	478
7278	478
7279	478
7280	478
7281	478
7282	478
7283	478
7284	503
7285	503
7286	503
7287	503
7288	503
7289	491
7290	491
7291	491
7292	491
7293	491
7294	491
7295	491
7296	491
7297	491
7298	491
7299	491
7300	491
7301	491
7302	491
7303	491
7304	491
7305	491
7306	491
7307	491
7308	491
7309	491
7310	491
7311	491
7312	491
7313	491
7314	491
7315	491
7316	491
7317	491
7318	491
7319	491
7320	491
7321	491
7322	491
7323	491
7324	491
7325	491
7326	491
7327	491
7328	491
7329	491
7330	491
7331	491
7332	521
7333	521
7334	521
7335	521
7336	506
7337	506
7338	506
7339	506
7340	506
7341	506
7342	506
7343	500
7344	500
7345	500
7346	500
7347	500
7348	500
7349	500
7350	500
7351	500
7352	500
7353	500
7354	500
7355	493
7356	493
7357	493
7358	493
7359	493
7360	493
7361	493
7362	493
7363	493
7364	493
7365	493
7366	493
7367	493
7368	493
7369	493
7370	493
7371	493
7372	493
7373	493
7374	493
7375	493
7376	493
7377	493
7378	493
7379	493
7380	493
7381	493
7382	493
7383	493
7384	493
7385	493
7386	493
7387	493
7388	493
7389	493
7390	493
7391	493
7392	493
7393	493
7394	493
7395	493
7396	493
7397	493
7398	493
7399	493
7400	493
7401	493
7402	493
7403	493
7404	493
7405	493
7406	493
7407	493
7408	493
7409	493
7410	493
7411	493
7412	493
7413	493
7414	493
7415	493
7416	493
7417	493
7418	520
7419	520
7420	520
7421	520
7422	520
7423	520
7424	520
7425	520
7426	520
7427	520
7428	520
7429	520
7430	520
7431	520
7432	520
7433	520
7434	520
7435	520
7436	520
7437	520
7438	520
7439	520
7440	520
7441	500
7442	500
7443	495
7444	495
7445	495
7446	495
7447	495
7448	495
7449	495
7450	495
7451	495
7452	495
7453	495
7454	495
7455	495
7456	495
7457	495
7458	495
7459	495
7460	495
7461	518
7462	518
7463	518
7464	518
7465	518
7466	518
7467	518
7468	518
7469	518
7470	518
7471	518
7472	518
7473	518
7474	518
7475	518
7476	514
7477	514
7478	514
7479	485
7480	485
7481	485
7482	485
7483	485
7484	485
7485	485
7486	485
7487	485
7488	485
7489	485
7490	485
7491	485
7492	485
7493	485
7494	485
7495	485
7496	485
7497	485
7498	485
7499	485
7500	485
7501	485
7502	485
7503	485
7504	485
7505	485
7506	485
7507	485
7508	485
7509	485
7510	485
7511	485
7512	485
7513	485
7514	485
7515	485
7516	485
7517	485
7518	485
7519	485
7520	485
7521	485
7522	485
7523	485
7524	510
7525	510
7526	510
7527	510
7528	510
7529	510
7530	510
7531	510
7532	510
7533	510
7534	510
7535	494
7536	494
7537	494
7538	494
7539	494
7540	494
7541	494
7542	494
7543	494
7544	494
7545	494
7546	494
7547	494
7548	494
7549	494
7550	494
7551	494
7552	494
7553	494
7554	494
7555	494
7556	494
7557	494
7558	494
7559	494
7560	494
7561	494
7562	494
7563	494
7564	494
7565	494
7566	494
7567	494
7568	494
7569	494
7570	494
7571	494
7572	494
7573	494
7574	494
7575	494
7576	494
7577	494
7578	494
7579	494
7580	494
7581	494
7582	494
7583	494
7584	494
7585	494
7586	494
7587	494
7588	494
7589	494
7590	494
7591	494
7592	494
7593	494
7594	494
7595	494
7596	494
7597	494
7598	494
7599	494
7600	494
7601	494
7602	494
7603	494
7604	494
7605	494
7606	494
7607	494
7608	494
7609	494
7610	494
7611	494
7612	494
7613	494
7614	494
7615	494
7616	494
7617	494
7618	494
7619	494
7620	494
7621	494
7622	494
7623	494
7624	494
7625	494
7626	494
7627	494
7628	494
7629	494
7630	494
7631	494
7632	494
7633	494
7634	494
7635	494
7636	494
7637	494
7638	494
7639	494
7640	494
7641	494
7642	494
7643	494
7644	494
7645	494
7646	494
7647	494
7648	494
7649	494
7650	494
7651	494
7652	494
7653	494
7654	494
7655	494
7656	494
7657	494
7658	494
7659	494
7660	494
7661	494
7662	494
7663	494
7664	494
7665	494
7666	494
7667	494
7668	494
7669	494
7670	494
7671	494
7672	494
7673	494
7674	494
7675	494
7676	494
7677	494
7678	494
7679	494
7680	494
7681	494
7682	494
7683	494
7684	494
7685	494
7686	494
7687	494
7688	494
7689	494
7690	494
7691	494
7692	494
7693	494
7694	494
7695	494
7696	494
7697	494
7698	494
7699	494
7700	494
7701	494
7702	494
7703	494
7704	494
7705	494
7706	494
7707	494
7708	494
7709	494
7710	494
7711	494
7712	494
7713	494
7714	494
7715	494
7716	494
7717	494
7718	494
7719	494
7720	494
7721	494
7722	494
7723	494
7724	494
7725	494
7726	525
7727	525
7728	525
7729	525
7730	525
7731	525
7732	511
7733	511
7734	511
7735	511
7736	511
7737	511
7738	483
7739	483
7740	483
7741	483
7742	483
7743	483
7744	483
7745	483
7746	483
7747	483
7748	506
7749	504
7750	504
7751	504
7752	504
7753	504
7754	504
7755	504
7756	504
7757	504
7758	504
7759	504
7760	504
7761	504
7762	504
7763	504
7764	504
7765	504
7766	504
7767	504
7768	499
7769	499
7770	499
7771	499
7772	499
7773	499
7774	499
7775	499
7776	499
7777	499
7778	499
7779	499
7780	499
7781	499
7782	499
7783	499
7784	499
7785	499
7786	499
7787	499
7788	499
7789	499
7790	499
7791	499
7792	499
7793	499
7794	499
7795	499
7796	499
7797	499
7798	499
7799	499
7800	499
7801	499
7802	499
7803	499
7804	499
7805	499
7806	499
7807	499
7808	499
7809	499
7810	499
7811	499
7812	499
7813	499
7814	499
7815	499
7816	499
7817	499
7818	499
7819	499
7820	499
7821	499
7822	499
7823	499
7824	499
7825	499
7826	499
7827	499
7828	499
7829	499
7830	499
7831	499
7832	499
7833	499
7834	499
7835	499
7836	499
7837	499
7838	499
7839	499
7840	499
7841	499
7842	499
7843	499
7844	499
7845	499
7846	499
7847	499
7848	499
7849	499
7850	499
7851	499
7852	499
7853	499
7854	499
7855	499
7856	499
7857	522
7858	522
7859	522
7860	522
7861	522
7862	522
7863	522
7864	522
7865	522
7866	522
7867	522
7868	522
7869	522
7870	522
7871	522
7872	522
7873	522
7874	522
7875	522
7876	489
7877	489
7878	489
7879	489
7880	489
7881	489
7882	489
7883	489
7884	489
7885	489
7886	489
7887	489
7888	489
7889	489
7890	489
7891	489
7892	489
7893	489
7894	489
7895	520
7896	520
7897	520
7898	520
7899	520
7900	520
7901	520
7902	520
7903	520
7904	520
7905	520
7906	512
7907	512
7908	512
7909	512
7910	512
7911	512
7912	512
7913	488
7914	488
7915	488
7916	488
7917	488
7918	488
7919	488
7920	488
7921	488
7922	488
7923	488
7924	488
7925	488
7926	488
7927	488
7928	488
7929	488
7930	488
7931	488
7932	488
7933	488
7934	488
7935	488
7936	488
7937	488
7938	488
7939	488
7940	488
7941	488
7942	488
7943	488
7944	488
7945	488
7946	488
7947	488
7948	488
7949	488
7950	488
7951	488
7952	488
7953	488
7954	488
7955	488
7956	488
7957	488
7958	488
7959	488
7960	488
7961	488
7962	488
7963	488
7964	488
7965	488
7966	488
7967	488
7968	488
7969	488
7970	488
7971	488
7972	488
7973	488
7974	488
7975	488
7976	488
7977	488
7978	488
7979	488
7980	488
7981	488
7982	488
7983	488
7984	488
7985	488
7986	488
7987	488
7988	488
7989	488
7990	488
7991	488
7992	488
7993	488
7994	488
7995	488
7996	488
7997	488
7998	488
7999	488
8000	488
8001	488
8002	488
8003	488
8004	488
8005	488
8006	488
8007	488
8008	488
8009	488
8010	488
8011	488
8012	488
8013	488
8014	488
8015	488
8016	488
8017	488
8018	488
8019	488
8020	488
8021	488
8022	488
8023	488
8024	488
8025	488
8026	488
8027	488
8028	488
8029	488
8030	488
8031	488
8032	488
8033	488
8034	488
8035	488
8036	488
8037	488
8038	488
8039	488
8040	488
8041	488
8042	488
8043	488
8044	488
8045	488
8046	488
8047	488
8048	488
8049	488
8050	488
8051	488
8052	488
8053	488
8054	488
8055	488
8056	488
8057	488
8058	488
8059	488
8060	488
8061	488
8062	488
8063	488
8064	488
8065	488
8066	485
8067	485
8068	485
8069	485
8070	485
8071	485
8072	485
8073	485
8074	485
8075	485
8076	485
8077	485
8078	485
8079	485
8080	485
8081	485
8082	485
8083	485
8084	485
8085	485
8086	485
8087	485
8088	485
8089	485
8090	485
8091	485
8092	485
8093	485
8094	485
8095	485
8096	485
8097	485
8098	485
8099	485
8100	485
8101	485
8102	485
8103	485
8104	485
8105	485
8106	485
8107	485
8108	485
8109	485
8110	485
8111	485
8112	485
8113	485
8114	515
8115	515
8116	515
8117	515
8118	515
8119	515
8120	515
8121	515
8122	515
8123	515
8124	515
8125	515
8126	515
8127	515
8128	515
8129	515
8130	515
8131	515
8132	515
8133	515
8134	515
8135	502
8136	502
8137	502
8138	502
8139	502
8140	502
8141	502
8142	502
8143	502
8144	502
8145	502
8146	502
8147	502
8148	502
8149	502
8150	502
8151	502
8152	502
8153	502
8154	502
8155	502
8156	502
8157	502
8158	502
8159	502
8160	502
8161	502
8162	502
8163	493
8164	493
8165	493
8166	493
8167	493
8168	512
8169	512
8170	512
8171	512
8172	512
8173	512
8174	512
8175	486
8176	486
8177	486
8178	486
8179	486
8180	486
8181	486
8182	486
8183	486
8184	486
8185	486
8186	486
8187	486
8188	486
8189	486
8190	486
8191	486
8192	486
8193	486
8194	517
8195	517
8196	517
8197	517
8198	517
8199	517
8200	517
8201	517
8202	517
8203	517
8204	517
8205	517
8206	517
8207	517
8208	517
8209	517
8210	517
8211	513
8212	513
8213	513
8214	513
8215	513
8216	509
8217	509
8218	509
8219	509
8220	509
8221	509
8222	509
8223	509
8224	509
8225	509
8226	509
8227	509
8228	509
8229	509
8230	509
8231	509
8232	509
8233	509
8234	509
8235	498
8236	498
8237	498
8238	498
8239	498
8240	498
8241	498
8242	498
8243	498
8244	498
8245	498
8246	498
8247	498
8248	498
8249	498
8250	498
8251	498
8252	498
8253	498
8254	498
8255	498
8256	498
8257	498
8258	498
8259	498
8260	498
8261	498
8262	498
8263	498
8264	498
8265	498
8266	498
8267	498
8268	498
8269	498
8270	498
8271	498
8272	498
8273	498
8274	498
8275	498
8276	498
8277	498
8278	498
8279	498
8280	498
8281	498
8282	498
8283	498
8284	498
8285	498
8286	498
8287	498
8288	498
8289	498
8290	498
8291	498
8292	498
8293	498
8294	498
8295	498
8296	498
8297	498
8298	498
8299	498
8300	498
8301	498
8302	498
8303	498
8304	498
8305	498
8306	498
8307	498
8308	498
8309	498
8310	498
8311	498
8312	498
8313	498
8314	498
8315	498
8316	498
8317	498
8318	498
8319	498
8320	498
8321	498
8322	498
8323	498
8324	498
8325	498
8326	498
8327	498
8328	498
8329	498
8330	498
8331	498
8332	498
8333	498
8334	498
8335	498
8336	498
8337	498
8338	498
8339	498
8340	498
8341	498
8342	498
8343	498
8344	498
8345	498
8346	498
8347	529
8348	529
8349	529
8350	529
8351	529
8352	529
8353	497
8354	497
8355	527
8356	527
8357	527
8358	527
8359	527
8360	527
8361	527
8362	527
8363	527
8364	527
8365	527
8366	527
8367	527
8368	527
8369	527
8370	527
8371	527
8372	527
8373	521
8374	516
8375	516
8376	516
8377	496
8378	496
8379	496
8380	496
8381	496
8382	496
8383	496
8384	496
8385	496
8386	496
8387	496
8388	496
8389	496
8390	496
8391	496
8392	496
8393	496
8394	496
8395	496
8396	496
8397	496
8398	496
8399	496
8400	496
8401	496
8402	496
8403	496
8404	496
8405	496
8406	496
8407	496
8408	496
8409	496
8410	496
8411	526
8412	526
8413	526
8414	526
8415	526
8416	526
8417	526
8418	526
8419	526
8420	526
8421	526
8422	526
8423	517
8424	517
8425	517
8426	517
8427	517
8428	517
8429	517
8430	517
8431	517
8432	517
8433	517
8434	517
8435	517
8436	517
8437	517
8438	517
8439	517
8440	517
8441	517
8442	517
8443	517
8444	517
8445	517
8446	517
8447	517
8448	517
8449	517
8450	517
8451	517
8452	517
8453	517
8454	517
8455	517
8456	517
8457	517
8458	517
8459	517
8460	517
8461	517
8462	517
8463	517
8464	517
8465	517
8466	517
8467	517
8468	517
8469	517
8470	517
8471	517
8472	517
8473	517
8474	517
8475	517
8476	517
8477	517
8478	517
8479	517
8480	517
8481	517
8482	517
8483	517
8484	517
8485	517
8486	517
8487	517
8488	517
8489	517
8490	517
8491	517
8492	489
8493	489
8494	489
8495	489
8496	489
8497	489
8498	489
8499	489
8500	489
8501	489
8502	489
8503	489
8504	489
8505	489
8506	489
8507	489
8508	489
8509	489
8510	489
8511	489
8512	489
8513	489
8514	489
8515	489
8516	489
8517	489
8518	489
8519	489
8520	489
8521	489
8522	489
8523	489
8524	489
8525	489
8526	489
8527	489
8528	489
8529	489
8530	489
8531	489
8532	489
8533	489
8534	489
8535	489
8536	489
8537	489
8538	489
8539	489
8540	489
8541	489
8542	489
8543	489
8544	489
8545	489
8546	489
8547	489
8548	489
8549	489
8550	489
8551	489
8552	489
8553	489
8554	489
8555	489
8556	489
8557	489
8558	489
8559	489
8560	489
8561	488
8562	488
8563	488
8564	488
8565	488
8566	488
8567	488
8568	488
8569	488
8570	488
8571	488
8572	488
8573	488
8574	488
8575	488
8576	488
8577	488
8578	488
8579	488
8580	488
8581	488
8582	488
8583	488
8584	488
8585	488
8586	488
8587	488
8588	488
8589	488
8590	488
8591	488
8592	488
8593	488
8594	488
8595	488
8596	488
8597	488
8598	488
8599	488
8600	488
8601	488
8602	488
8603	488
8604	488
8605	488
8606	488
8607	488
8608	488
8609	488
8610	488
8611	488
8612	488
8613	488
8614	488
8615	488
8616	488
8617	488
8618	488
8619	488
8620	488
8621	488
8622	488
8623	488
8624	488
8625	488
8626	488
8627	488
8628	488
8629	488
8630	488
8631	488
8632	518
8633	518
8634	518
8635	509
8636	509
8637	509
8638	509
8639	509
8640	509
8641	503
8642	503
8643	481
8644	481
8645	481
8646	481
8647	481
8648	481
8649	481
8650	481
8651	481
8652	481
8653	481
8654	481
8655	481
8656	481
8657	481
8658	481
8659	481
8660	481
8661	481
8662	481
8663	481
8664	481
8665	481
8666	481
8667	481
8668	481
8669	481
8670	481
8671	481
8672	481
8673	481
8674	481
8675	481
8676	481
8677	481
8678	481
8679	481
8680	481
8681	481
8682	481
8683	481
8684	481
8685	481
8686	481
8687	481
8688	481
8689	481
8690	481
8691	481
8692	481
8693	481
8694	481
8695	481
8696	481
8697	481
8698	481
8699	481
8700	481
8701	481
8702	481
8703	481
8704	481
8705	481
8706	481
8707	481
8708	481
8709	481
8710	481
8711	481
8712	481
8713	481
8714	481
8715	481
8716	481
8717	481
8718	481
8719	481
8720	481
8721	481
8722	481
8723	481
8724	481
8725	481
8726	481
8727	481
8728	481
8729	481
8730	481
8731	481
8732	481
8733	481
8734	481
8735	481
8736	481
8737	508
8738	508
8739	508
8740	499
8741	499
8742	499
8743	524
8744	524
8745	524
8746	524
8747	524
8748	524
8749	524
8750	524
8751	524
8752	524
8753	524
8754	524
8755	524
8756	524
8757	524
8758	524
8759	524
8760	524
8761	524
8762	524
8763	524
8764	524
8765	524
8766	524
8767	524
8768	524
8769	524
8770	524
8771	524
8772	524
8773	524
8774	524
8775	524
8776	524
8777	524
8778	524
8779	524
8780	524
8781	524
8782	507
8783	507
8784	507
8785	507
8786	507
8787	507
8788	507
8789	507
8790	507
8791	507
8792	507
8793	507
8794	507
8795	507
8796	507
8797	507
8798	507
8799	507
8800	507
8801	507
8802	507
8803	507
8804	507
8805	507
8806	507
8807	507
8808	507
8809	494
8810	494
8811	494
8812	494
8813	494
8814	494
8815	494
8816	494
8817	494
8818	494
8819	494
8820	494
8821	494
8822	494
8823	494
8824	494
8825	494
8826	494
8827	494
8828	494
8829	494
8830	494
8831	494
8832	494
8833	494
8834	494
8835	494
8836	494
8837	494
8838	494
8839	494
8840	494
8841	494
8842	494
8843	494
8844	494
8845	494
8846	494
8847	494
8848	494
8849	494
8850	494
8851	494
8852	494
8853	494
8854	494
8855	494
8856	494
8857	494
8858	494
8859	494
8860	494
8861	494
8862	494
8863	494
8864	494
8865	494
8866	494
8867	494
8868	494
8869	494
8870	494
8871	494
8872	494
8873	494
8874	494
8875	494
8876	494
8877	494
8878	494
8879	494
8880	519
8881	519
8882	519
8883	519
8884	519
8885	519
8886	519
8887	519
8888	519
8889	519
8890	519
8891	519
8892	519
8893	519
8894	519
8895	519
8896	519
8897	519
8898	519
8899	519
8900	519
8901	519
8902	519
8903	519
8904	519
8905	519
8906	519
8907	519
8908	519
8909	519
8910	519
8911	519
8912	519
8913	519
8914	519
8915	519
8916	519
8917	519
8918	519
8919	519
8920	519
8921	519
8922	519
8923	519
8924	519
8925	487
8926	487
8927	487
8928	487
8929	487
8930	487
8931	487
8932	487
8933	487
8934	487
8935	487
8936	487
8937	487
8938	487
8939	487
8940	487
8941	487
8942	487
8943	487
8944	487
8945	487
8946	487
8947	487
8948	487
8949	510
8950	510
8951	510
8952	510
8953	510
8954	510
8955	510
8956	510
8957	510
8958	510
8959	510
8960	510
8961	510
8962	510
8963	510
8964	510
8965	510
8966	510
8967	510
8968	510
8969	510
8970	510
8971	510
8972	510
8973	510
8974	510
8975	510
8976	510
8977	510
8978	510
8979	510
8980	510
8981	482
8982	482
8983	482
8984	482
8985	482
8986	482
8987	507
8988	507
8989	507
8990	507
8991	507
8992	507
8993	507
8994	507
8995	507
8996	507
8997	507
8998	507
8999	507
9000	507
9001	507
9002	507
9003	507
9004	507
9005	507
9006	507
9007	507
9008	498
9009	498
9010	498
9011	498
9012	498
9013	498
9014	502
9015	502
9016	502
9017	502
9018	502
9019	502
9020	502
9021	502
9022	502
9023	502
9024	502
9025	502
9026	502
9027	486
9028	486
9029	486
9030	486
9031	486
9032	486
9033	486
9034	486
9035	486
9036	486
9037	486
9038	486
9039	486
9040	486
9041	486
9042	486
9043	486
9044	486
9045	486
9046	486
9047	486
9048	486
9049	486
9050	486
9051	486
9052	486
9053	486
9054	486
9055	486
9056	486
9057	486
9058	486
9059	486
9060	486
9061	486
9062	486
9063	486
9064	486
9065	486
9066	486
9067	486
9068	511
9069	511
9070	511
9071	511
9072	511
9073	511
9074	511
9075	511
9076	511
9077	511
9078	511
9079	511
9080	511
9081	511
9082	511
9083	511
9084	511
9085	511
9086	511
9087	511
9088	511
9089	511
9090	511
9091	511
9092	511
9093	511
9094	511
9095	511
9096	479
9097	479
9098	479
9099	479
9100	479
9101	479
9102	479
9103	479
9104	479
9105	479
9106	479
9107	479
9108	479
9109	479
9110	479
9111	479
9112	479
9113	479
9114	479
9115	479
9116	479
9117	479
9118	479
9119	479
9120	479
9121	479
9122	479
9123	479
9124	479
9125	479
9126	479
9127	479
9128	479
9129	479
9130	479
9131	479
9132	479
9133	479
9134	479
9135	479
9136	479
9137	479
9138	479
9139	479
9140	479
9141	479
9142	479
9143	479
9144	479
9145	479
9146	479
9147	479
9148	479
9149	479
9150	479
9151	479
9152	479
9153	479
9154	479
9155	479
9156	479
9157	479
9158	479
9159	479
9160	479
9161	479
9162	479
9163	479
9164	479
9165	479
9166	479
9167	479
9168	479
9169	479
9170	479
9171	479
9172	479
9173	479
9174	479
9175	479
9176	479
9177	479
9178	479
9179	479
9180	479
9181	479
9182	479
9183	479
9184	479
9185	479
9186	479
9187	479
9188	479
9189	479
9190	479
9191	479
9192	479
9193	479
9194	479
9195	479
9196	479
9197	479
9198	479
9199	479
9200	479
9201	479
9202	479
9203	479
9204	479
9205	479
9206	479
9207	479
9208	479
9209	479
9210	479
9211	479
9212	479
9213	479
9214	479
9215	479
9216	479
9217	479
9218	479
9219	506
9220	506
9221	506
9222	506
9223	506
9224	506
9225	506
9226	506
9227	506
9228	506
9229	506
9230	506
9231	506
9232	506
9233	506
9234	506
9235	506
9236	506
9237	506
9238	506
9239	506
9240	506
9241	506
9242	506
9243	506
9244	506
9245	506
9246	506
9247	506
9248	506
9249	506
9250	506
9251	506
9252	506
9253	506
9254	506
9255	506
9256	506
9257	506
9258	506
9259	506
9260	506
9261	506
9262	506
9263	506
9264	506
9265	506
9266	506
9267	506
9268	506
9269	506
9270	506
9271	506
9272	486
9273	486
9274	486
9275	486
9276	486
9277	486
9278	486
9279	486
9280	486
9281	486
9282	486
9283	486
9284	486
9285	486
9286	486
9287	486
9288	486
9289	486
9290	486
9291	486
9292	486
9293	486
9294	486
9295	486
9296	486
9297	486
9298	486
9299	486
9300	486
9301	486
9302	486
9303	486
9304	486
9305	486
9306	486
9307	486
9308	486
9309	486
9310	486
9311	486
9312	486
9313	486
9314	486
9315	486
9316	486
9317	486
9318	486
9319	486
9320	486
9321	486
9322	486
9323	486
9324	486
9325	486
9326	486
9327	486
9328	486
9329	486
9330	486
9331	486
9332	486
9333	486
9334	486
9335	486
9336	486
9337	486
9338	486
9339	486
9340	486
9341	486
9342	486
9343	486
9344	486
9345	486
9346	486
9347	486
9348	486
9349	486
9350	486
9351	486
9352	486
9353	486
9354	486
9355	486
9356	486
9357	486
9358	486
9359	486
9360	486
9361	486
9362	486
9363	486
9364	486
9365	486
9366	486
9367	486
9368	486
9369	486
9370	486
9371	511
9372	511
9373	511
9374	511
9375	503
9376	503
9377	503
9378	503
9379	503
9380	503
9381	503
9382	479
9383	479
9384	479
9385	479
9386	479
9387	479
9388	479
9389	479
9390	479
9391	479
9392	479
9393	479
9394	479
9395	479
9396	479
9397	479
9398	479
9399	479
9400	479
9401	479
9402	479
9403	479
9404	479
9405	479
9406	479
9407	479
9408	479
9409	479
9410	479
9411	479
9412	479
9413	479
9414	479
9415	479
9416	479
9417	479
9418	479
9419	479
9420	479
9421	479
9422	479
9423	479
9424	479
9425	479
9426	479
9427	479
9428	479
9429	479
9430	479
9431	479
9432	479
9433	479
9434	510
9435	510
9436	510
9437	510
9438	510
9439	510
9440	510
9441	510
9442	486
9443	486
9444	486
9445	486
9446	486
9447	486
9448	486
9449	486
9450	486
9451	505
9452	505
9453	505
9454	505
9455	505
9456	505
9457	505
9458	505
9459	505
9460	505
9461	505
9462	505
9463	505
9464	505
9465	505
9466	505
9467	505
9468	505
9469	505
9470	505
9471	505
9472	505
9473	505
9474	505
9475	505
9476	505
9477	505
9478	479
9479	479
9480	479
9481	479
9482	479
9483	479
9484	479
9485	479
9486	479
9487	479
9488	479
9489	479
9490	479
9491	479
9492	479
9493	479
9494	479
9495	479
9496	479
9497	479
9498	479
9499	479
9500	479
9501	479
9502	479
9503	479
9504	479
9505	479
9506	479
9507	479
9508	479
9509	479
9510	479
9511	479
9512	479
9513	479
9514	479
9515	479
9516	479
9517	479
9518	479
9519	479
9520	479
9521	479
9522	479
9523	479
9524	479
9525	479
9526	479
9527	509
9528	509
9529	509
9530	509
9531	509
9532	509
9533	509
9534	509
9535	509
9536	499
9537	499
9538	499
9539	499
9540	499
9541	499
9542	499
9543	499
9544	499
9545	526
9546	526
9547	526
9548	526
9549	526
9550	526
9551	526
9552	526
9553	526
9554	526
9555	526
9556	526
9557	526
9558	526
9559	526
9560	526
9561	526
9562	526
9563	526
9564	526
9565	512
9566	512
9567	512
9568	512
9569	512
9570	512
9571	512
9572	512
9573	512
9574	512
9575	512
9576	512
9577	512
9578	512
9579	512
9580	512
9581	512
9582	512
9583	512
9584	512
9585	512
9586	512
9587	512
9588	512
9589	512
9590	512
9591	512
9592	512
9593	512
9594	512
9595	512
9596	512
9597	512
9598	512
9599	512
9600	486
9601	486
9602	486
9603	486
9604	486
9605	486
9606	486
9607	486
9608	486
9609	486
9610	486
9611	486
9612	486
9613	486
9614	486
9615	486
9616	486
9617	486
9618	486
9619	509
9620	509
9621	509
9622	509
9623	509
9624	509
9625	509
9626	509
9627	509
9628	509
9629	509
9630	509
9631	509
9632	509
9633	509
9634	509
9635	509
9636	509
9637	509
9638	509
9639	509
9640	509
9641	509
9642	509
9643	509
9644	509
9645	509
9646	509
9647	500
9648	500
9649	500
9650	500
9651	500
9652	500
9653	500
9654	500
9655	500
9656	500
9657	500
9658	500
9659	500
9660	500
9661	500
9662	500
9663	500
9664	500
9665	500
9666	500
9667	500
9668	500
9669	500
9670	500
9671	500
9672	500
9673	500
9674	500
9675	500
9676	500
9677	500
9678	500
9679	500
9680	500
9681	500
9682	500
9683	500
9684	500
9685	500
9686	500
9687	500
9688	500
9689	500
9690	471
9691	471
9692	471
9693	471
9694	471
9695	471
9696	471
9697	471
9698	471
9699	471
9700	471
9701	471
9702	471
9703	471
9704	471
9705	471
9706	471
9707	494
9708	494
9709	494
9710	494
9711	494
9712	494
9713	494
9714	494
9715	494
9716	494
9717	494
9718	494
9719	494
9720	494
9721	494
9722	494
9723	494
9724	494
9725	494
9726	494
9727	494
9728	494
9729	494
9730	494
9731	494
9732	494
9733	494
9734	494
9735	494
9736	494
9737	494
9738	494
9739	494
9740	494
9741	494
9742	494
9743	494
9744	494
9745	494
9746	494
9747	494
9748	494
9749	494
9750	494
9751	494
9752	494
9753	494
9754	494
9755	494
9756	494
9757	494
9758	494
9759	494
9760	494
9761	519
9762	519
9763	506
9764	506
9765	506
9766	506
9767	506
9768	506
9769	506
9770	506
9771	506
9772	506
9773	506
9774	506
9775	506
9776	506
9777	506
9778	506
9779	506
9780	506
9781	506
9782	506
9783	506
9784	502
9785	497
9786	497
9787	497
9788	497
9789	497
9790	497
9791	497
9792	497
9793	497
9794	497
9795	497
9796	497
9797	497
9798	497
9799	497
9800	497
9801	497
9802	497
9803	497
9804	497
9805	497
9806	497
9807	497
9808	497
9809	497
9810	497
9811	497
9812	497
9813	497
9814	497
9815	497
9816	497
9817	497
9818	497
9819	497
9820	497
9821	497
9822	497
9823	497
9824	497
9825	497
9826	497
9827	497
9828	497
9829	497
9830	497
9831	497
9832	497
9833	497
9834	497
9835	497
9836	497
9837	497
9838	497
9839	497
9840	497
9841	497
9842	497
9843	497
9844	497
9845	497
9846	497
9847	497
9848	497
9849	497
9850	497
9851	497
9852	497
9853	497
9854	497
9855	497
9856	497
9857	497
9858	497
9859	497
9860	497
9861	497
9862	497
9863	497
9864	497
9865	497
9866	497
9867	497
9868	497
9869	497
9870	497
9871	497
9872	497
9873	497
9874	497
9875	497
9876	497
9877	497
9878	497
9879	497
9880	497
9881	497
9882	497
9883	497
9884	497
9885	497
9886	497
9887	497
9888	497
9889	497
9890	497
9891	497
9892	497
9893	497
9894	497
9895	497
9896	497
9897	497
9898	497
9899	497
9900	497
9901	497
9902	511
9903	511
9904	511
9905	511
9906	511
9907	511
9908	511
9909	511
9910	511
9911	511
9912	511
9913	511
9914	511
9915	511
9916	511
9917	509
9918	509
9919	509
9920	509
9921	509
9922	509
9923	509
9924	509
9925	509
9926	509
9927	509
9928	509
9929	509
9930	509
9931	509
9932	509
9933	509
9934	509
9935	509
9936	498
9937	498
9938	498
9939	498
9940	498
9941	498
9942	498
9943	498
9944	498
9945	498
9946	498
9947	498
9948	498
9949	498
9950	498
9951	498
9952	498
9953	498
9954	498
9955	498
9956	498
9957	498
9958	498
9959	498
9960	498
9961	498
9962	498
9963	498
9964	498
9965	498
9966	498
9967	498
9968	498
9969	498
9970	498
9971	498
9972	498
9973	498
9974	498
9975	498
9976	498
9977	498
9978	498
9979	498
9980	498
9981	498
9982	498
9983	498
9984	498
9985	498
9986	498
9987	498
9988	498
9989	498
9990	498
9991	498
9992	498
9993	498
9994	498
9995	498
9996	498
9997	498
9998	498
9999	498
