0	0.00850936
1	0.00850936
2	0.00850936
3	0.00850936
4	0.00850936
5	0.00850936
6	0.00850936
7	0.00850936
8	0.00850936
9	0.00850936
10	0.00850936
11	0.00850936
12	0.00850936
13	0.00850936
14	0.00850936
15	0.00850936
16	0.00850936
17	0.00850936
18	0.00850936
19	0.00850936
20	0.00850936
21	0.00850936
22	0.00850936
23	0.00850936
24	0.00850936
25	0.00850936
26	0.00850936
27	0.00850936
28	0.00850936
29	0.00850936
30	0.00850936
31	0.00850936
32	0.00850936
33	0.00850936
34	0.00850936
35	0.00850936
36	0.00850936
37	0.00850936
38	0.00950936
39	0.00950936
40	0.00950936
41	0.00950936
42	0.00950936
43	0.00950936
44	0.00950936
45	0.00950936
46	0.00950936
47	0.00950936
48	0.00950936
49	0.00950936
50	0.00950936
51	0.00950936
52	0.00950936
53	0.00950936
54	0.00950936
55	0.00950936
56	0.00950936
57	0.00950936
58	0.00950936
59	0.00950936
60	0.00950936
61	0.00950936
62	0.00950936
63	0.00950936
64	0.00950936
65	0.00950936
66	0.00950936
67	0.00950936
68	0.00950936
69	0.00950936
70	0.00950936
71	0.00950936
72	0.00950936
73	0.00950936
74	0.00950936
75	0.00950936
76	0.00950936
77	0.00950936
78	0.00950936
79	0.00950936
80	0.00950936
81	0.0105094
82	0.0105094
83	0.0105094
84	0.0105094
85	0.0105094
86	0.0105094
87	0.0105094
88	0.0105094
89	0.0105094
90	0.0105094
91	0.0105094
92	0.0105094
93	0.0105094
94	0.0105094
95	0.0105094
96	0.0105094
97	0.0105094
98	0.0105094
99	0.0105094
100	0.0115094
101	0.0115094
102	0.0115094
103	0.0115094
104	0.0125094
105	0.0125094
106	0.0125094
107	0.0125094
108	0.0135094
109	0.0135094
110	0.0135094
111	0.0135094
112	0.0135094
113	0.0135094
114	0.0135094
115	0.0135094
116	0.0135094
117	0.0135094
118	0.0135094
119	0.0135094
120	0.0135094
121	0.0135094
122	0.0135094
123	0.0135094
124	0.0135094
125	0.0135094
126	0.0135094
127	0.0135094
128	0.0135094
129	0.0135094
130	0.0135094
131	0.0135094
132	0.0135094
133	0.0135094
134	0.0135094
135	0.0145094
136	0.0145094
137	0.0145094
138	0.0145094
139	0.0145094
140	0.0145094
141	0.0145094
142	0.0145094
143	0.0145094
144	0.0145094
145	0.0145094
146	0.0145094
147	0.0145094
148	0.0145094
149	0.0145094
150	0.0145094
151	0.0145094
152	0.0155094
153	0.0155094
154	0.0155094
155	0.0155094
156	0.0155094
157	0.0155094
158	0.0155094
159	0.0155094
160	0.0155094
161	0.0155094
162	0.0155094
163	0.0155094
164	0.0155094
165	0.0155094
166	0.0155094
167	0.0155094
168	0.0155094
169	0.0155094
170	0.0155094
171	0.0155094
172	0.0155094
173	0.0155094
174	0.0155094
175	0.0155094
176	0.0155094
177	0.0155094
178	0.0155094
179	0.0155094
180	0.0155094
181	0.0155094
182	0.0155094
183	0.0155094
184	0.0155094
185	0.0155094
186	0.0155094
187	0.0155094
188	0.0155094
189	0.0155094
190	0.0165094
191	0.0165094
192	0.0165094
193	0.0165094
194	0.0175094
195	0.0175094
196	0.0175094
197	0.0175094
198	0.0175094
199	0.0175094
200	0.0175094
201	0.0185094
202	0.0185094
203	0.0195094
204	0.0195094
205	0.0195094
206	0.0195094
207	0.0195094
208	0.0195094
209	0.0195094
210	0.0195094
211	0.0195094
212	0.0205094
213	0.0205094
214	0.0205094
215	0.0205094
216	0.0205094
217	0.0205094
218	0.0205094
219	0.0205094
220	0.0205094
221	0.0205094
222	0.0205094
223	0.0205094
224	0.0205094
225	0.0205094
226	0.0205094
227	0.0205094
228	0.0205094
229	0.0205094
230	0.0205094
231	0.0205094
232	0.0205094
233	0.0205094
234	0.0205094
235	0.0205094
236	0.0205094
237	0.0205094
238	0.0205094
239	0.0205094
240	0.0205094
241	0.0205094
242	0.0205094
243	0.0205094
244	0.0205094
245	0.0205094
246	0.0205094
247	0.0205094
248	0.0205094
249	0.0205094
250	0.0205094
251	0.0205094
252	0.0205094
253	0.0205094
254	0.0215094
255	0.0215094
256	0.0215094
257	0.0215094
258	0.0215094
259	0.0215094
260	0.0215094
261	0.0215094
262	0.0225094
263	0.0225094
264	0.0225094
265	0.0225094
266	0.0235094
267	0.0235094
268	0.0235094
269	0.0235094
270	0.0235094
271	0.0235094
272	0.0235094
273	0.0235094
274	0.0235094
275	0.0235094
276	0.0235094
277	0.0235094
278	0.0235094
279	0.0235094
280	0.0235094
281	0.0235094
282	0.0235094
283	0.0235094
284	0.0235094
285	0.0235094
286	0.0235094
287	0.0235094
288	0.0235094
289	0.0235094
290	0.0235094
291	0.0235094
292	0.0245094
293	0.0245094
294	0.0245094
295	0.0245094
296	0.0245094
297	0.0245094
298	0.0245094
299	0.0245094
300	0.0245094
301	0.0245094
302	0.0255094
303	0.0255094
304	0.0255094
305	0.0255094
306	0.0255094
307	0.0255094
308	0.0255094
309	0.0255094
310	0.0255094
311	0.0255094
312	0.0255094
313	0.0255094
314	0.0265094
315	0.0275094
316	0.0275094
317	0.0275094
318	0.0275094
319	0.0275094
320	0.0275094
321	0.0275094
322	0.0285094
323	0.0295094
324	0.0295094
325	0.0295094
326	0.0305094
327	0.0305094
328	0.0305094
329	0.0305094
330	0.0315094
331	0.0315094
332	0.0325094
333	0.0325094
334	0.0325094
335	0.0325094
336	0.0325094
337	0.0325094
338	0.0325094
339	0.0325094
340	0.0325094
341	0.0325094
342	0.0325094
343	0.0325094
344	0.0325094
345	0.0325094
346	0.0325094
347	0.0325094
348	0.0335094
349	0.0335094
350	0.0335094
351	0.0335094
352	0.0335094
353	0.0335094
354	0.0335094
355	0.0345094
356	0.0345094
357	0.0345094
358	0.0345094
359	0.0345094
360	0.0345094
361	0.0345094
362	0.0345094
363	0.0355094
364	0.0355094
365	0.0355094
366	0.0355094
367	0.0355094
368	0.0355094
369	0.0365094
370	0.0365094
371	0.0365094
372	0.0365094
373	0.0365094
374	0.0365094
375	0.0365094
376	0.0365094
377	0.0365094
378	0.0375094
379	0.0375094
380	0.0375094
381	0.0375094
382	0.0375094
383	0.0375094
384	0.0385094
385	0.0385094
386	0.0385094
387	0.0395094
388	0.0405094
389	0.0405094
390	0.0405094
391	0.0405094
392	0.0405094
393	0.0405094
394	0.0415094
395	0.0415094
396	0.0415094
397	0.0415094
398	0.0415094
399	0.0415094
400	0.0415094
401	0.0415094
402	0.0415094
403	0.0415094
404	0.0415094
405	0.0415094
406	0.0415094
407	0.0415094
408	0.0415094
409	0.0415094
410	0.0415094
411	0.0415094
412	0.0415094
413	0.0415094
414	0.0415094
415	0.0415094
416	0.0415094
417	0.0415094
418	0.0415094
419	0.0415094
420	0.0415094
421	0.0415094
422	0.0415094
423	0.0425094
424	0.0425094
425	0.0425094
426	0.0425094
427	0.0425094
428	0.0425094
429	0.0425094
430	0.0425094
431	0.0425094
432	0.0425094
433	0.0425094
434	0.0425094
435	0.0435094
436	0.0435094
437	0.0435094
438	0.0435094
439	0.0435094
440	0.0435094
441	0.0435094
442	0.0445094
443	0.0445094
444	0.0445094
445	0.0455094
446	0.0455094
447	0.0455094
448	0.0455094
449	0.0455094
450	0.0455094
451	0.0455094
452	0.0455094
453	0.0455094
454	0.0455094
455	0.0455094
456	0.0465094
457	0.0465094
458	0.0465094
459	0.0465094
460	0.0465094
461	0.0465094
462	0.0475094
463	0.0475094
464	0.0475094
465	0.0475094
466	0.0475094
467	0.0475094
468	0.0485094
469	0.0485094
470	0.0485094
471	0.0485094
472	0.0485094
473	0.0495094
474	0.0495094
475	0.0505094
476	0.0505094
477	0.0505094
478	0.0505094
479	0.0505094
480	0.0505094
481	0.0515094
482	0.0515094
483	0.0515094
484	0.0515094
485	0.0515094
486	0.0515094
487	0.0515094
488	0.0515094
489	0.0525094
490	0.0525094
491	0.0525094
492	0.0535094
493	0.0535094
494	0.0535094
495	0.0545094
496	0.0545094
497	0.0545094
498	0.0545094
499	0.0545094
500	0.0545094
501	0.0545094
502	0.0545094
503	0.0545094
504	0.0555094
505	0.0555094
506	0.0555094
507	0.0555094
508	0.0565094
509	0.0565094
510	0.0565094
511	0.0565094
512	0.0565094
513	0.0565094
514	0.0565094
515	0.0565094
516	0.0565094
517	0.0565094
518	0.0565094
519	0.0565094
520	0.0565094
521	0.0565094
522	0.0565094
523	0.0565094
524	0.0565094
525	0.0575094
526	0.0575094
527	0.0575094
528	0.0575094
529	0.0585094
530	0.0585094
531	0.0585094
532	0.0595094
533	0.0595094
534	0.0605094
535	0.0605094
536	0.0605094
537	0.0605094
538	0.0605094
539	0.0605094
540	0.0605094
541	0.0605094
542	0.0615094
543	0.0625094
544	0.0625094
545	0.0625094
546	0.0625094
547	0.0625094
548	0.0625094
549	0.0635094
550	0.0635094
551	0.0635094
552	0.0635094
553	0.0635094
554	0.0635094
555	0.0635094
556	0.0635094
557	0.0645094
558	0.0645094
559	0.0645094
560	0.0645094
561	0.0645094
562	0.0645094
563	0.0645094
564	0.0645094
565	0.0645094
566	0.0645094
567	0.0655094
568	0.0655094
569	0.0655094
570	0.0655094
571	0.0665094
572	0.0675094
573	0.0675094
574	0.0675094
575	0.0675094
576	0.0675094
577	0.0675094
578	0.0675094
579	0.0675094
580	0.0675094
581	0.0675094
582	0.0675094
583	0.0675094
584	0.0685094
585	0.0695094
586	0.0695094
587	0.0705094
588	0.0715094
589	0.0715094
590	0.0715094
591	0.0715094
592	0.0715094
593	0.0715094
594	0.0715094
595	0.0715094
596	0.0715094
597	0.0715094
598	0.0715094
599	0.0715094
600	0.0725094
601	0.0725094
602	0.0725094
603	0.0725094
604	0.0725094
605	0.0735094
606	0.0735094
607	0.0735094
608	0.0735094
609	0.0735094
610	0.0745094
611	0.0745094
612	0.0745094
613	0.0755094
614	0.0765094
615	0.0765094
616	0.0765094
617	0.0765094
618	0.0765094
619	0.0765094
620	0.0775094
621	0.0785094
622	0.0785094
623	0.0795094
624	0.0795094
625	0.0795094
626	0.0795094
627	0.0795094
628	0.0795094
629	0.0795094
630	0.0795094
631	0.0795094
632	0.0795094
633	0.0795094
634	0.0795094
635	0.0795094
636	0.0795094
637	0.0795094
638	0.0805094
639	0.0805094
640	0.0805094
641	0.0805094
642	0.0805094
643	0.0815094
644	0.0825094
645	0.0825094
646	0.0835094
647	0.0835094
648	0.0835094
649	0.0835094
650	0.0845094
651	0.0845094
652	0.0845094
653	0.0845094
654	0.0855094
655	0.0855094
656	0.0855094
657	0.0855094
658	0.0855094
659	0.0855094
660	0.0865094
661	0.0875094
662	0.0875094
663	0.0875094
664	0.0875094
665	0.0875094
666	0.0875094
667	0.0875094
668	0.0885094
669	0.0885094
670	0.0885094
671	0.0885094
672	0.0885094
673	0.0885094
674	0.0885094
675	0.0885094
676	0.0885094
677	0.0885094
678	0.0885094
679	0.0885094
680	0.0885094
681	0.0885094
682	0.0885094
683	0.0895094
684	0.0895094
685	0.0895094
686	0.0905094
687	0.0905094
688	0.0905094
689	0.0905094
690	0.0905094
691	0.0905094
692	0.0905094
693	0.0915094
694	0.0915094
695	0.0915094
696	0.0915094
697	0.0915094
698	0.0915094
699	0.0925094
700	0.0925094
701	0.0925094
702	0.0925094
703	0.0925094
704	0.0925094
705	0.0925094
706	0.0925094
707	0.0935094
708	0.0935094
709	0.0945094
710	0.0955094
711	0.0955094
712	0.0955094
713	0.0965094
714	0.0975094
715	0.0985094
716	0.0985094
717	0.0985094
718	0.0985094
719	0.0985094
720	0.0985094
721	0.0985094
722	0.0985094
723	0.0985094
724	0.0985094
725	0.0985094
726	0.0985094
727	0.0995094
728	0.0995094
729	0.0995094
730	0.100509
731	0.100509
732	0.101509
733	0.102509
734	0.102509
735	0.103509
736	0.104509
737	0.105509
738	0.105509
739	0.105509
740	0.105509
741	0.105509
742	0.105509
743	0.106509
744	0.107509
745	0.108509
746	0.108509
747	0.108509
748	0.108509
749	0.108509
750	0.109509
751	0.109509
752	0.109509
753	0.109509
754	0.110509
755	0.111509
756	0.112509
757	0.112509
758	0.112509
759	0.113509
760	0.114509
761	0.115509
762	0.115509
763	0.116509
764	0.116509
765	0.117509
766	0.117509
767	0.117509
768	0.118509
769	0.118509
770	0.118509
771	0.118509
772	0.119509
773	0.120509
774	0.121509
775	0.122509
776	0.122509
777	0.122509
778	0.122509
779	0.122509
780	0.122509
781	0.122509
782	0.123509
783	0.123509
784	0.123509
785	0.123509
786	0.123509
787	0.123509
788	0.123509
789	0.124509
790	0.124509
791	0.125509
792	0.125509
793	0.125509
794	0.125509
795	0.126509
796	0.126509
797	0.126509
798	0.127509
799	0.128509
800	0.128509
801	0.129509
802	0.129509
803	0.130509
804	0.130509
805	0.130509
806	0.131509
807	0.131509
808	0.131509
809	0.131509
810	0.132509
811	0.132509
812	0.133509
813	0.133509
814	0.133509
815	0.134509
816	0.134509
817	0.135509
818	0.136509
819	0.136509
820	0.137509
821	0.137509
822	0.137509
823	0.138509
824	0.138509
825	0.138509
826	0.139509
827	0.139509
828	0.140509
829	0.141509
830	0.142509
831	0.142509
832	0.143509
833	0.143509
834	0.143509
835	0.143509
836	0.144509
837	0.145509
838	0.146509
839	0.146509
840	0.146509
841	0.147509
842	0.148509
843	0.148509
844	0.149509
845	0.150509
846	0.150509
847	0.151509
848	0.151509
849	0.151509
850	0.151509
851	0.152509
852	0.152509
853	0.153509
854	0.154509
855	0.155509
856	0.155509
857	0.155509
858	0.156509
859	0.157509
860	0.157509
861	0.157509
862	0.158509
863	0.158509
864	0.158509
865	0.158509
866	0.159509
867	0.159509
868	0.160509
869	0.161509
870	0.162509
871	0.163509
872	0.163509
873	0.164509
874	0.164509
875	0.165509
876	0.165509
877	0.165509
878	0.165509
879	0.166509
880	0.167509
881	0.167509
882	0.167509
883	0.168509
884	0.169509
885	0.169509
886	0.169509
887	0.169509
888	0.170509
889	0.170509
890	0.170509
891	0.171509
892	0.172509
893	0.173509
894	0.174509
895	0.175509
896	0.176509
897	0.177509
898	0.177509
899	0.177509
900	0.177509
901	0.178509
902	0.178509
903	0.178509
904	0.179509
905	0.180509
906	0.180509
907	0.180509
908	0.180509
909	0.180509
910	0.181509
911	0.182509
912	0.183509
913	0.184509
914	0.184509
915	0.185509
916	0.186509
917	0.187509
918	0.188509
919	0.189509
920	0.190509
921	0.191509
922	0.192509
923	0.193509
924	0.194509
925	0.195509
926	0.195509
927	0.196509
928	0.196509
929	0.196509
930	0.197509
931	0.198509
932	0.199509
933	0.200509
934	0.201509
935	0.202509
936	0.203509
937	0.203509
938	0.203509
939	0.203509
940	0.203509
941	0.204509
942	0.205509
943	0.206509
944	0.206509
945	0.206509
946	0.207509
947	0.208509
948	0.209509
949	0.209509
950	0.210509
951	0.211509
952	0.212509
953	0.213509
954	0.214509
955	0.215509
956	0.216509
957	0.216509
958	0.216509
959	0.217509
960	0.218509
961	0.219509
962	0.220509
963	0.221509
964	0.221509
965	0.222509
966	0.223509
967	0.223509
968	0.223509
969	0.224509
970	0.224509
971	0.224509
972	0.225509
973	0.226509
974	0.227509
975	0.227509
976	0.227509
977	0.227509
978	0.228509
979	0.229509
980	0.229509
981	0.229509
982	0.230509
983	0.230509
984	0.231509
985	0.231509
986	0.232509
987	0.233509
988	0.234509
989	0.235509
990	0.235509
991	0.235509
992	0.236509
993	0.237509
994	0.237509
995	0.238509
996	0.238509
997	0.238509
998	0.239509
999	0.239509
