0	0.00552349
1	0.00652349
2	0.00752349
3	0.00852349
4	0.00952349
5	0.0105235
6	0.0115235
7	0.0125235
8	0.0135235
9	0.0145235
10	0.0155235
11	0.0165235
12	0.0175235
13	0.0185235
14	0.0195235
15	0.0205235
16	0.0215235
17	0.0225235
18	0.0235235
19	0.0235235
20	0.0245235
21	0.0255235
22	0.0265235
23	0.0265235
24	0.0275235
25	0.0285235
26	0.0295235
27	0.0305235
28	0.0315235
29	0.0315235
30	0.0325235
31	0.0335235
32	0.0345235
33	0.0345235
34	0.0355235
35	0.0365235
36	0.0375235
37	0.0385235
38	0.0395235
39	0.0405235
40	0.0415235
41	0.0425235
42	0.0435235
43	0.0445235
44	0.0455235
45	0.0455235
46	0.0465235
47	0.0475235
48	0.0485235
49	0.0495235
50	0.0505235
51	0.0515235
52	0.0515235
53	0.0525235
54	0.0525235
55	0.0525235
56	0.0535235
57	0.0545235
58	0.0555235
59	0.0565235
60	0.0575235
61	0.0585235
62	0.0595235
63	0.0605235
64	0.0615235
65	0.0615235
66	0.0625235
67	0.0625235
68	0.0635235
69	0.0645235
70	0.0655235
71	0.0665235
72	0.0675235
73	0.0685235
74	0.0695235
75	0.0705235
76	0.0715235
77	0.0715235
78	0.0725235
79	0.0735235
80	0.0745235
81	0.0755235
82	0.0765235
83	0.0775235
84	0.0785235
85	0.0795235
86	0.0805235
87	0.0815235
88	0.0815235
89	0.0825235
90	0.0835235
91	0.0845235
92	0.0855235
93	0.0865235
94	0.0855235
95	0.0865235
96	0.0875235
97	0.0885235
98	0.0895235
99	0.0905235
100	0.0915235
101	0.0925235
102	0.0925235
103	0.0925235
104	0.0935235
105	0.0945235
106	0.0955235
107	0.0965235
108	0.0965235
109	0.0975235
110	0.0985235
111	0.0995235
112	0.100523
113	0.101523
114	0.101523
115	0.100523
116	0.101523
117	0.102523
118	0.102523
119	0.103523
120	0.103523
121	0.103523
122	0.103523
123	0.103523
124	0.104523
125	0.104523
126	0.105523
127	0.106523
128	0.107523
129	0.108523
130	0.109523
131	0.109523
132	0.110523
133	0.110523
134	0.111523
135	0.112523
136	0.112523
137	0.112523
138	0.113523
139	0.114523
140	0.114523
141	0.114523
142	0.115523
143	0.115523
144	0.116523
145	0.116523
146	0.117523
147	0.118523
148	0.118523
149	0.119523
150	0.119523
151	0.120523
152	0.121523
153	0.121523
154	0.122523
155	0.122523
156	0.122523
157	0.123523
158	0.123523
159	0.124523
160	0.125523
161	0.126523
162	0.127523
163	0.128523
164	0.129523
165	0.129523
166	0.130523
167	0.129523
168	0.129523
169	0.130523
170	0.131523
171	0.132523
172	0.133523
173	0.134523
174	0.135523
175	0.136523
176	0.137523
177	0.138523
178	0.139523
179	0.139523
180	0.140523
181	0.141523
182	0.141523
183	0.141523
184	0.141523
185	0.141523
186	0.142523
187	0.143523
188	0.143523
189	0.143523
190	0.144523
191	0.144523
192	0.145523
193	0.146523
194	0.146523
195	0.146523
196	0.147523
197	0.148523
198	0.148523
199	0.149523
200	0.148523
201	0.148523
202	0.148523
203	0.148523
204	0.149523
205	0.150523
206	0.150523
207	0.149523
208	0.149523
209	0.149523
210	0.150523
211	0.150523
212	0.151523
213	0.152523
214	0.153523
215	0.153523
216	0.153523
217	0.153523
218	0.154523
219	0.154523
220	0.155523
221	0.154523
222	0.154523
223	0.155523
224	0.155523
225	0.155523
226	0.155523
227	0.156523
228	0.157523
229	0.156523
230	0.156523
231	0.156523
232	0.156523
233	0.156523
234	0.156523
235	0.156523
236	0.156523
237	0.156523
238	0.157523
239	0.156523
240	0.156523
241	0.156523
242	0.156523
243	0.156523
244	0.157523
245	0.158523
246	0.159523
247	0.160523
248	0.161523
249	0.162523
250	0.163523
251	0.164523
252	0.164523
253	0.163523
254	0.163523
255	0.164523
256	0.164523
257	0.164523
258	0.164523
259	0.164523
260	0.164523
261	0.164523
262	0.164523
263	0.164523
264	0.165523
265	0.166523
266	0.167523
267	0.168523
268	0.168523
269	0.169523
270	0.169523
271	0.169523
272	0.170523
273	0.171523
274	0.172523
275	0.172523
276	0.172523
277	0.172523
278	0.172523
279	0.172523
280	0.172523
281	0.171523
282	0.172523
283	0.173523
284	0.172523
285	0.173523
286	0.174523
287	0.175523
288	0.175523
289	0.175523
290	0.175523
291	0.176523
292	0.177523
293	0.177523
294	0.177523
295	0.177523
296	0.178523
297	0.178523
298	0.178523
299	0.177523
300	0.178523
301	0.179523
302	0.180523
303	0.180523
304	0.180523
305	0.181523
306	0.181523
307	0.182523
308	0.182523
309	0.183523
310	0.184523
311	0.184523
312	0.185523
313	0.185523
314	0.185523
315	0.186523
316	0.186523
317	0.186523
318	0.187523
319	0.187523
320	0.188523
321	0.189523
322	0.189523
323	0.190523
324	0.190523
325	0.191523
326	0.192523
327	0.193523
328	0.194523
329	0.194523
330	0.194523
331	0.193523
332	0.194523
333	0.194523
334	0.194523
335	0.194523
336	0.195523
337	0.194523
338	0.195523
339	0.195523
340	0.195523
341	0.195523
342	0.196523
343	0.195523
344	0.195523
345	0.194523
346	0.195523
347	0.195523
348	0.195523
349	0.196523
350	0.196523
351	0.195523
352	0.196523
353	0.195523
354	0.195523
355	0.195523
356	0.196523
357	0.196523
358	0.197523
359	0.198523
360	0.198523
361	0.199523
362	0.200523
363	0.200523
364	0.200523
365	0.200523
366	0.201523
367	0.202523
368	0.203523
369	0.203523
370	0.202523
371	0.201523
372	0.202523
373	0.202523
374	0.203523
375	0.204523
376	0.203523
377	0.203523
378	0.202523
379	0.203523
380	0.203523
381	0.204523
382	0.204523
383	0.204523
384	0.205523
385	0.205523
386	0.204523
387	0.205523
388	0.204523
389	0.204523
390	0.203523
391	0.203523
392	0.204523
393	0.204523
394	0.205523
395	0.206523
396	0.206523
397	0.205523
398	0.206523
399	0.206523
400	0.206523
401	0.207523
402	0.208523
403	0.209523
404	0.209523
405	0.208523
406	0.208523
407	0.209523
408	0.209523
409	0.209523
410	0.208523
411	0.208523
412	0.208523
413	0.208523
414	0.208523
415	0.208523
416	0.209523
417	0.209523
418	0.209523
419	0.209523
420	0.209523
421	0.209523
422	0.208523
423	0.207523
424	0.207523
425	0.208523
426	0.209523
427	0.209523
428	0.210523
429	0.211523
430	0.212523
431	0.212523
432	0.212523
433	0.212523
434	0.212523
435	0.212523
436	0.211523
437	0.212523
438	0.212523
439	0.211523
440	0.210523
441	0.210523
442	0.210523
443	0.210523
444	0.211523
445	0.212523
446	0.212523
447	0.212523
448	0.212523
449	0.211523
450	0.211523
451	0.210523
452	0.211523
453	0.212523
454	0.212523
455	0.212523
456	0.213523
457	0.214523
458	0.214523
459	0.215523
460	0.215523
461	0.215523
462	0.215523
463	0.214523
464	0.214523
465	0.214523
466	0.214523
467	0.215523
468	0.214523
469	0.214523
470	0.214523
471	0.214523
472	0.215523
473	0.214523
474	0.215523
475	0.215523
476	0.215523
477	0.214523
478	0.214523
479	0.214523
480	0.214523
481	0.214523
482	0.215523
483	0.216523
484	0.216523
485	0.216523
486	0.217523
487	0.218523
488	0.217523
489	0.217523
490	0.217523
491	0.218523
492	0.218523
493	0.218523
494	0.218523
495	0.218523
496	0.218523
497	0.218523
498	0.217523
499	0.218523
500	0.218523
501	0.219523
502	0.219523
503	0.220523
504	0.220523
505	0.221523
506	0.220523
507	0.220523
508	0.220523
509	0.220523
510	0.219523
511	0.218523
512	0.217523
513	0.216523
514	0.215523
515	0.215523
516	0.215523
517	0.215523
518	0.214523
519	0.214523
520	0.214523
521	0.214523
522	0.215523
523	0.216523
524	0.216523
525	0.215523
526	0.215523
527	0.214523
528	0.214523
529	0.213523
530	0.214523
531	0.213523
532	0.214523
533	0.214523
534	0.215523
535	0.215523
536	0.215523
537	0.215523
538	0.216523
539	0.215523
540	0.215523
541	0.216523
542	0.215523
543	0.216523
544	0.216523
545	0.216523
546	0.216523
547	0.215523
548	0.215523
549	0.215523
550	0.215523
551	0.214523
552	0.214523
553	0.214523
554	0.214523
555	0.214523
556	0.214523
557	0.215523
558	0.215523
559	0.215523
560	0.215523
561	0.214523
562	0.214523
563	0.214523
564	0.213523
565	0.214523
566	0.214523
567	0.214523
568	0.214523
569	0.213523
570	0.212523
571	0.212523
572	0.212523
573	0.211523
574	0.211523
575	0.211523
576	0.211523
577	0.212523
578	0.212523
579	0.213523
580	0.213523
581	0.213523
582	0.213523
583	0.212523
584	0.211523
585	0.211523
586	0.210523
587	0.211523
588	0.210523
589	0.211523
590	0.212523
591	0.211523
592	0.210523
593	0.209523
594	0.208523
595	0.208523
596	0.208523
597	0.209523
598	0.209523
599	0.209523
600	0.209523
601	0.209523
602	0.209523
603	0.210523
604	0.210523
605	0.211523
606	0.212523
607	0.212523
608	0.213523
609	0.214523
610	0.213523
611	0.214523
612	0.214523
613	0.213523
614	0.213523
615	0.213523
616	0.212523
617	0.213523
618	0.212523
619	0.212523
620	0.213523
621	0.213523
622	0.213523
623	0.213523
624	0.213523
625	0.213523
626	0.213523
627	0.213523
628	0.212523
629	0.212523
630	0.212523
631	0.211523
632	0.210523
633	0.210523
634	0.209523
635	0.209523
636	0.209523
637	0.208523
638	0.208523
639	0.208523
640	0.208523
641	0.209523
642	0.210523
643	0.211523
644	0.211523
645	0.211523
646	0.211523
647	0.211523
648	0.211523
649	0.210523
650	0.209523
651	0.208523
652	0.209523
653	0.209523
654	0.208523
655	0.208523
656	0.209523
657	0.210523
658	0.210523
659	0.211523
660	0.212523
661	0.211523
662	0.212523
663	0.212523
664	0.212523
665	0.212523
666	0.212523
667	0.213523
668	0.213523
669	0.213523
670	0.213523
671	0.214523
672	0.213523
673	0.213523
674	0.213523
675	0.213523
676	0.212523
677	0.212523
678	0.212523
679	0.213523
680	0.213523
681	0.214523
682	0.214523
683	0.215523
684	0.216523
685	0.216523
686	0.216523
687	0.216523
688	0.216523
689	0.216523
690	0.217523
691	0.217523
692	0.217523
693	0.216523
694	0.216523
695	0.216523
696	0.216523
697	0.217523
698	0.216523
699	0.215523
700	0.216523
701	0.216523
702	0.216523
703	0.216523
704	0.216523
705	0.217523
706	0.217523
707	0.217523
708	0.217523
709	0.218523
710	0.218523
711	0.219523
712	0.220523
713	0.220523
714	0.221523
715	0.221523
716	0.221523
717	0.221523
718	0.221523
719	0.221523
720	0.220523
721	0.220523
722	0.220523
723	0.221523
724	0.222523
725	0.223523
726	0.223523
727	0.223523
728	0.223523
729	0.224523
730	0.224523
731	0.224523
732	0.223523
733	0.224523
734	0.224523
735	0.225523
736	0.224523
737	0.223523
738	0.224523
739	0.225523
740	0.225523
741	0.225523
742	0.225523
743	0.225523
744	0.225523
745	0.224523
746	0.224523
747	0.224523
748	0.224523
749	0.224523
750	0.224523
751	0.224523
752	0.224523
753	0.224523
754	0.225523
755	0.225523
756	0.226523
757	0.226523
758	0.226523
759	0.226523
760	0.226523
761	0.226523
762	0.226523
763	0.226523
764	0.227523
765	0.227523
766	0.227523
767	0.228523
768	0.227523
769	0.227523
770	0.227523
771	0.227523
772	0.227523
773	0.227523
774	0.228523
775	0.228523
776	0.227523
777	0.226523
778	0.226523
779	0.226523
780	0.226523
781	0.227523
782	0.226523
783	0.226523
784	0.226523
785	0.226523
786	0.226523
787	0.227523
788	0.227523
789	0.227523
790	0.227523
791	0.227523
792	0.226523
793	0.227523
794	0.228523
795	0.228523
796	0.228523
797	0.229523
798	0.230523
799	0.231523
800	0.232523
801	0.232523
802	0.232523
803	0.232523
804	0.233523
805	0.233523
806	0.233523
807	0.234523
808	0.233523
809	0.233523
810	0.232523
811	0.232523
812	0.232523
813	0.232523
814	0.232523
815	0.232523
816	0.232523
817	0.232523
818	0.231523
819	0.231523
820	0.232523
821	0.233523
822	0.232523
823	0.232523
824	0.232523
825	0.231523
826	0.232523
827	0.232523
828	0.232523
829	0.233523
830	0.233523
831	0.233523
832	0.233523
833	0.233523
834	0.232523
835	0.232523
836	0.233523
837	0.233523
838	0.233523
839	0.234523
840	0.233523
841	0.233523
842	0.233523
843	0.233523
844	0.233523
845	0.233523
846	0.234523
847	0.235523
848	0.235523
849	0.235523
850	0.234523
851	0.233523
852	0.233523
853	0.233523
854	0.232523
855	0.231523
856	0.231523
857	0.231523
858	0.231523
859	0.231523
860	0.230523
861	0.230523
862	0.230523
863	0.230523
864	0.230523
865	0.230523
866	0.230523
867	0.231523
868	0.231523
869	0.231523
870	0.232523
871	0.233523
872	0.233523
873	0.234523
874	0.234523
875	0.234523
876	0.233523
877	0.233523
878	0.232523
879	0.232523
880	0.232523
881	0.233523
882	0.233523
883	0.233523
884	0.233523
885	0.233523
886	0.233523
887	0.232523
888	0.231523
889	0.230523
890	0.230523
891	0.229523
892	0.229523
893	0.229523
894	0.229523
895	0.229523
896	0.228523
897	0.228523
898	0.229523
899	0.230523
900	0.230523
901	0.230523
902	0.230523
903	0.230523
904	0.230523
905	0.230523
906	0.230523
907	0.230523
908	0.230523
909	0.230523
910	0.230523
911	0.230523
912	0.229523
913	0.230523
914	0.230523
915	0.229523
916	0.229523
917	0.229523
918	0.229523
919	0.229523
920	0.229523
921	0.229523
922	0.229523
923	0.228523
924	0.229523
925	0.230523
926	0.230523
927	0.230523
928	0.230523
929	0.230523
930	0.230523
931	0.229523
932	0.229523
933	0.229523
934	0.229523
935	0.230523
936	0.230523
937	0.230523
938	0.230523
939	0.231523
940	0.230523
941	0.230523
942	0.230523
943	0.230523
944	0.230523
945	0.230523
946	0.230523
947	0.231523
948	0.230523
949	0.230523
950	0.229523
951	0.229523
952	0.229523
953	0.229523
954	0.228523
955	0.229523
956	0.229523
957	0.229523
958	0.230523
959	0.230523
960	0.231523
961	0.232523
962	0.232523
963	0.232523
964	0.232523
965	0.232523
966	0.232523
967	0.232523
968	0.232523
969	0.232523
970	0.232523
971	0.231523
972	0.231523
973	0.232523
974	0.232523
975	0.232523
976	0.232523
977	0.231523
978	0.231523
979	0.231523
980	0.230523
981	0.230523
982	0.230523
983	0.230523
984	0.230523
985	0.230523
986	0.231523
987	0.230523
988	0.230523
989	0.230523
990	0.231523
991	0.231523
992	0.231523
993	0.230523
994	0.230523
995	0.230523
996	0.230523
997	0.231523
998	0.231523
999	0.230523
